testing/jplg2280.20i
     1.0            IONOSPHERE MAPS     GPS                 IONEX VERSION / TYPE
GIM V3.0            JPL - GNISD         18-aug-2020 01:22   PGM / RUN BY / DATE 
JPL'S GLOBAL IONOSPHERE MAPS YEAR 2020 DAY 228              COMMENT             
Global Ionospheric Maps (GIM) are generated on an hourly    DESCRIPTION         
and daily basis at JPL using data from up to 100 GPS sites  DESCRIPTION         
of the IGS and others institutions.                         DESCRIPTION         
The vertical TEC is modeled in a solar-geomagnetic          DESCRIPTION         
reference frame using bi-cubic splines on a spherical grid. DESCRIPTION         
A Kalman filter is used to solve simultaneously for         DESCRIPTION         
instrumental biases and VTEC on the grid (as stochastic     DESCRIPTION         
parameters).                                                DESCRIPTION         
Contact Address:  gpsiono@cobra.jpl.nasa.gov .              DESCRIPTION         
  2020     8    15     0     0     0                        EPOCH OF FIRST MAP  
  2020     8    16     0     0     0                        EPOCH OF LAST MAP   
  7200                                                      INTERVAL            
    13                                                      # OF MAPS IN FILE   
  NONE                                                      MAPPING FUNCTION    
    10.0                                                    ELEVATION CUTOFF    
One-way carrier phase leveled to code                       OBSERVABLES USED    
   170                                                      # OF STATIONS       
    31                                                      # OF SATELLITES     
  6371.0                                                    BASE RADIUS         
     2                                                      MAP DIMENSION       
   450.0 450.0   0.0                                        HGT1 / HGT2 / DHGT  
    87.5 -87.5  -2.5                                        LAT1 / LAT2 / DLAT  
  -180.0 180.0   5.0                                        LON1 / LON2 / DLON  
    -1                                                      EXPONENT            
TEC/RMS values in 0.1 TECU; 9999, if no value available     COMMENT             
                                                            END OF HEADER       
[from data line 4719]
    12                                                      START OF TEC MAP    
  2020     8    15    22     0     0                        EPOCH OF CURRENT MAP
    87.5-180.0 180.0   5.0 450.0                            LAT/LON1/LON2/DLON/H
   68   68   68   68   68   69   69   69   69   69   69   69   69   69   69   69
   69   69   69   69   69   69   69   69   69   69   68   68   68   68   68   68
   68   67   67   67   67   67   67   67   67   66   66   66   66   66   66   66
   66   66   66   66   66   65   65   65   65   65   65   65   66   66   66   66
   66   66   66   66   67   67   67   67   68
    85.0-180.0 180.0   5.0 450.0                            LAT/LON1/LON2/DLON/H
   71   72   72   73   73   74   74   74   75   75   75   75   75   75   74   74
   74   74   73   73   73   72   72   72   71   71   71   70   70   70   69   69
   69   68   68   68   68   67   67   67   67   67   66   66   66   66   66   66
   66   66   66   65   65   65   65   65   65   65   65   65   65   65   65   66
   66   66   67   67   68   69   69   70   71
    82.5-180.0 180.0   5.0 450.0                            LAT/LON1/LON2/DLON/H
   76   77   78   79   80   81   81   81   82   82   82   82   82   81   81   80
   80   79   78   78   77   76   75   75   74   73   73   72   72   71   71   70
   69   69   68   68   68   67   67   67   66   66   66   66   66   66   66   66
   65   65   65   65   65   65   65   65   64   64   64   64   65   65   65   66
   66   67   68   69   71   72   73   75   76
    80.0-180.0 180.0   5.0 450.0                            LAT/LON1/LON2/DLON/H
   82   84   85   86   87   88   88   88   88   88   88   88   88   88   87   87
   86   85   84   83   82   80   79   78   77   76   75   74   73   72   71   70
   69   68   67   66   66   65   65   64   64   64   64   64   64   64   64   64
   64   64   64   64   63   63   63   64   64   64   64   64   64   64   65   66
   67   68   70   71   74   76   78   80   82
    77.5-180.0 180.0   5.0 450.0                            LAT/LON1/LON2/DLON/H
   87   89   91   92   92   93   92   92   92   93   93   93   94   94   94   94
   93   92   90   88   86   84   82   80   79   77   76   75   74   73   71   70
   69   67   65   63   62   61   60   60   60   60   60   61   61   61   61   61
   61   61   60   60   60   60   61   61   62   62   62   63   63   63   64   65
   66   68   70   73   76   79   82   85   87
    75.0-180.0 180.0   5.0 450.0                            LAT/LON1/LON2/DLON/H
   91   93   95   96   96   95   95   95   95   95   96   97   99  100  100  100
   99   98   96   93   91   88   85   83   80   79   77   76   75   74   72   70
   68   65   63   60   57   56   54   54   54   55   55   56   57   57   57   57
   56   56   55   55   55   55   56   57   59   60   61   61   62   62   63   64
   65   67   70   73   76   80   84   88   91
    72.5-180.0 180.0   5.0 450.0                            LAT/LON1/LON2/DLON/H
   93   96   97   98   98   97   96   96   96   97   98  100  102  104  105  105
  104  102  100   98   94   91   88   84   82   80   79   78   76   75   73   71
   68   64   60   57   53   51   49   48   48   49   50   52   53   53   53   52
   51   50   49   48   48   49   51   53   55   57   59   60   60   61   61   62
   63   65   68   71   75   79   84   89   93
    70.0-180.0 180.0   5.0 450.0                            LAT/LON1/LON2/DLON/H
   93   97   99  100  100   98   97   96   96   97   99  101  103  105  106  106
  106  105  103  101   98   94   90   86   84   82   80   79   79   77   75   72
   68   64   59   55   51   48   45   44   45   45   47   48   49   49   49   48
   46   44   42   41   42   43   45   48   51   54   57   59   60   60   61   61
   62   63   66   69   73   78   83   89   93
    67.5-180.0 180.0   5.0 450.0                            LAT/LON1/LON2/DLON/H
   94   99  102  103  102  101   99   97   97   97   99  101  102  104  105  105
  106  105  105  103  100   96   91   88   85   84   83   82   82   80   78   74
   70   65   59   54   50   47   44   43   43   44   45   46   47   47   46   45
   42   40   38   37   36   38   41   44   48   53   56   58   60   61   61   61
   62   63   64   67   71   76   82   89   94
    65.0-180.0 180.0   5.0 450.0                            LAT/LON1/LON2/DLON/H
   96  102  106  107  107  104  102  100   98   98   98  100  101  102  102  103
  104  105  105  104  101   97   93   90   88   87   86   86   86   85   82   78
   73   67   61   56   51   48   47   46   46   46   46   47   47   47   46   44
   41   38   36   34   34   36   38   42   47   52   56   59   62   63   64   64
   64   64   65   67   70   75   82   89   96
    62.5-180.0 180.0   5.0 450.0                            LAT/LON1/LON2/DLON/H
   99  106  111  113  112  110  107  104  101   99   99   99   99  100  100  101
  102  104  104  104  101   98   95   92   90   90   90   91   91   90   87   82
   76   70   64   59   55   52   51   50   50   50   50   50   49   48   47   45
   43   40   37   35   35   36   38   42   47   52   57   62   65   67   68   69
   68   68   68   69   71   76   83   91   99
    60.0-180.0 180.0   5.0 450.0                            LAT/LON1/LON2/DLON/H
  103  111  117  119  119  116  113  109  105  102  101  100  100   99  100  100
  102  103  104  104  102   99   96   94   93   94   95   96   96   95   92   87
   80   73   67   63   59   58   57   57   57   56   55   54   53   51   50   49
   46   44   41   39   38   38   41   44   49   54   60   65   69   72   74   75
   74   73   73   73   75   79   86   94  103
    57.5-180.0 180.0   5.0 450.0                            LAT/LON1/LON2/DLON/H
  108  117  123  126  127  124  120  115  110  106  104  103  102  102  102  102
  103  104  104  103  102  100   98   97   97   98  100  101  101  100   97   91
   84   78   72   67   65   64   64   65   65   64   62   59   57   56   55   53
   52   49   46   44   42   43   44   47   52   57   63   68   73   77   80   81
   81   80   79   79   80   85   91   99  108
    55.0-180.0 180.0   5.0 450.0                            LAT/LON1/LON2/DLON/H
  115  123  130  135  135  133  129  123  118  113  110  108  107  107  106  106
  106  105  105  104  102  101  100  100  101  103  105  107  107  105  101   95
   89   82   77   73   71   71   71   72   73   72   69   66   63   61   60   59
   57   55   52   49   48   48   49   52   56   61   67   73   78   82   85   87
   88   88   87   87   88   92   98  105  115
    52.5-180.0 180.0   5.0 450.0                            LAT/LON1/LON2/DLON/H
  122  131  138  143  144  143  139  133  127  121  117  115  114  113  112  111
  110  108  106  104  103  103  103  104  106  108  110  112  113  111  107  100
   93   87   82   79   78   78   79   80   80   79   76   72   68   66   65   64
   62   60   57   55   53   53   54   57   61   66   72   77   82   86   90   93
   95   96   96   97   99  102  107  114  122
    50.0-180.0 180.0   5.0 450.0                            LAT/LON1/LON2/DLON/H
  131  139  145  150  153  152  149  144  137  131  127  124  122  121  119  117
  115  112  108  106  105  106  107  109  111  113  116  119  120  117  113  106
   99   93   89   87   85   85   85   86   87   86   82   78   73   71   69   68
   67   65   62   60   59   59   60   62   66   71   76   81   86   90   94   98
  101  104  106  109  111  115  119  124  131
    47.5-180.0 180.0   5.0 450.0                            LAT/LON1/LON2/DLON/H
  141  147  152  156  159  159  158  154  148  142  137  133  131  128  126  123
  120  115  111  109  108  109  111  114  117  120  123  126  127  125  120  113
  106  101   97   94   93   91   91   91   92   90   87   82   78   75   74   73
   71   69   67   64   63   63   64   67   71   75   80   85   89   93   98  103
  108  113  117  122  125  129  132  136  141
    45.0-180.0 180.0   5.0 450.0                            LAT/LON1/LON2/DLON/H
  152  154  157  160  162  163  163  161  158  152  147  143  139  136  133  129
  124  120  115  113  113  114  117  120  124  127  131  134  135  133  128  121
  113  108  104  101   99   96   95   94   94   92   89   84   81   79   77   77
   75   73   70   68   67   67   68   71   74   78   82   87   92   96  101  108
  115  122  129  134  139  143  146  149  152
    42.5-180.0 180.0   5.0 450.0                            LAT/LON1/LON2/DLON/H
  161  161  161  161  162  163  165  166  164  161  156  152  147  143  139  134
  129  124  121  119  119  121  124  128  132  136  140  143  144  142  136  127
  119  113  109  106  103   99   97   95   94   92   89   86   83   82   81   80
   78   76   74   72   70   69   70   72   76   79   83   88   93   98  105  113
  122  131  139  146  151  156  158  160  161
    40.0-180.0 180.0   5.0 450.0                            LAT/LON1/LON2/DLON/H
  169  166  163  160  159  160  163  166  168  167  164  159  155  150  145  139
  134  129  126  126  126  128  131  136  140  145  149  151  151  148  141  132
  123  116  111  107  103   99   96   94   92   90   87   86   85   84   84   83
   81   79   77   74   72   70   71   73   76   79   82   87   92   99  108  119
  129  139  148  155  160  165  168  169  169
    37.5-180.0 180.0   5.0 450.0                            LAT/LON1/LON2/DLON/H
  175  171  165  160  157  157  160  165  169  170  169  166  162  157  151  145
  138  134  132  132  133  136  140  144  149  154  157  159  157  151  143  132
  122  114  108  104  100   96   93   91   89   87   86   85   86   86   86   85
   84   81   79   75   72   70   70   72   74   77   80   85   91  100  111  123
  135  146  154  161  166  170  174  176  175
    35.0-180.0 180.0   5.0 450.0                            LAT/LON1/LON2/DLON/H
  179  175  168  161  156  154  158  164  170  174  174  172  169  164  158  151
  143  137  135  136  139  143  148  154  159  163  165  164  159  150  139  127
  116  108  103   98   95   92   90   88   87   85   84   85   87   88   88   87
   85   82   79   76   72   69   68   70   72   74   77   82   90  100  112  126
  139  149  157  163  168  172  176  180  179
    32.5-180.0 180.0   5.0 450.0                            LAT/LON1/LON2/DLON/H
  184  180  174  165  158  156  158  164  172  178  180  180  176  172  166  157
  147  140  136  137  142  149  156  163  168  172  172  167  157  144  131  118
  107  100   95   92   89   87   86   86   84   84   84   85   87   89   88   87
   85   81   78   74   70   67   66   67   68   70   73   78   87   98  112  126
  140  150  158  163  168  172  177  182  184
    30.0-180.0 180.0   5.0 450.0                            LAT/LON1/LON2/DLON/H
  188  186  181  173  165  161  162  168  177  184  188  189  186  182  175  165
  152  142  136  137  143  154  165  173  178  180  177  168  153  136  120  107
   98   91   88   85   84   83   83   83   83   82   83   85   87   88   88   86
   82   78   74   70   66   63   62   63   64   66   68   74   83   95  109  124
  137  147  155  160  165  170  177  184  188
    27.5-180.0 180.0   5.0 450.0                            LAT/LON1/LON2/DLON/H
  192  194  190  184  177  172  171  176  185  194  200  201  199  194  186  174
  159  145  137  138  146  160  174  184  188  188  181  168  148  126  109   97
   89   84   82   81   80   80   81   81   80   80   81   83   85   86   85   82
   78   73   68   64   61   60   59   60   60   61   64   70   80   92  106  120
  132  142  149  156  161  168  176  186  192
    25.0-180.0 180.0   5.0 450.0                            LAT/LON1/LON2/DLON/H
  197  202  202  198  192  186  184  187  196  207  214  217  215  209  200  186
  168  151  142  142  152  169  186  196  199  196  186  167  142  118  100   90
   84   81   79   78   78   78   78   78   78   77   78   80   82   83   82   78
   72   66   61   58   56   56   56   57   57   57   60   67   77   89  102  115
  126  135  144  151  158  166  176  188  197
    22.5-180.0 180.0   5.0 450.0                            LAT/LON1/LON2/DLON/H
  203  212  217  217  212  205  201  202  210  221  231  234  233  226  215  200
  180  163  153  154  165  183  200  209  211  205  190  167  138  111   94   86
   82   80   78   77   76   76   76   75   74   72   73   75   77   78   77   72
   66   59   54   52   52   53   54   55   55   55   57   64   74   86   99  111
  121  131  139  148  156  165  177  190  203
    20.0-180.0 180.0   5.0 450.0                            LAT/LON1/LON2/DLON/H
  208  222  232  237  235  228  222  220  226  236  246  251  250  243  231  215
  196  180  172  173  185  203  217  225  224  214  194  166  135  107   91   85
   83   80   78   76   74   73   72   71   68   66   66   68   71   73   72   67
   59   53   48   47   48   51   53   55   54   53   55   62   73   85   97  109
  119  129  138  147  156  166  178  193  208
    17.5-180.0 180.0   5.0 450.0                            LAT/LON1/LON2/DLON/H
  212  231  246  256  258  253  245  240  241  249  258  264  264  257  246  230
  213  200  194  198  210  226  237  240  236  222  197  165  132  104   89   85
   83   81   77   74   72   69   68   66   63   60   60   62   65   68   68   62
   55   48   45   44   46   50   53   55   55   53   54   61   72   84   97  108
  119  130  142  152  160  169  180  195  212
    15.0-180.0 180.0   5.0 450.0                            LAT/LON1/LON2/DLON/H
  214  236  256  271  278  276  268  259  255  258  266  272  273  268  257  243
  229  220  217  223  236  249  255  254  246  227  197  162  128  102   88   85
   83   79   75   71   67   65   63   61   58   55   55   57   60   64   64   58
   51   45   42   43   45   49   53   56   55   53   54   61   72   84   97  109
  121  134  148  159  167  175  184  197  214
    12.5-180.0 180.0   5.0 450.0                            LAT/LON1/LON2/DLON/H
  214  236  260  281  293  294  287  276  267  264  268  274  276  272  263  252
  242  237  237  245  258  268  270  265  251  227  193  156  124  100   88   84
   80   75   70   66   62   59   58   57   54   52   52   54   57   60   61   56
   48   43   41   42   44   48   53   56   55   52   53   60   71   84   98  111
  124  139  154  167  175  181  188  198  214
    10.0-180.0 180.0   5.0 450.0                            LAT/LON1/LON2/DLON/H
  212  233  257  281  298  303  299  287  275  268  268  271  274  272  265  256
  249  248  251  260  272  280  279  269  251  222  183  147  118   98   87   82
   77   71   65   61   57   54   54   53   53   52   52   54   56   58   58   53
   46   41   40   41   44   47   51   54   54   51   52   58   70   84   98  112
  126  142  160  175  183  188  192  199  212
     7.5-180.0 180.0   5.0 450.0                            LAT/LON1/LON2/DLON/H
  212  229  252  277  296  304  302  292  279  269  266  267  269  268  263  257
  253  253  258  267  277  284  281  268  245  210  169  135  111   95   86   80
   73   66   61   57   53   50   50   52   53   53   55   56   57   57   56   51
   44   40   39   40   42   45   48   51   51   49   50   56   68   82   98  112
  127  144  163  179  189  193  197  202  212
     5.0-180.0 180.0   5.0 450.0                            LAT/LON1/LON2/DLON/H
  215  228  248  272  290  298  298  292  281  270  263  262  263  263  259  254
  253  254  259  267  276  282  278  263  235  196  153  122  103   92   85   78
   70   62   57   53   49   47   48   50   53   56   57   58   57   57   54   49
   43   39   38   39   40   42   45   48   48   47   48   54   65   81   97  112
  126  143  163  180  191  198  204  208  215
     2.5-180.0 180.0   5.0 450.0                            LAT/LON1/LON2/DLON/H
  224  234  250  269  285  292  293  289  281  270  262  258  257  256  254  251
  250  252  256  262  270  276  271  254  224  181  138  110   97   89   84   77
   69   61   56   51   47   45   46   49   53   57   59   59   58   56   53   47
   42   38   37   37   38   40   42   44   45   44   46   52   63   79   96  110
  124  141  160  178  191  202  211  218  224
