testing/jplg2280.20i
     1.0            IONOSPHERE MAPS     GPS                 IONEX VERSION / TYPE
GIM V3.0            JPL - GNISD         18-aug-2020 01:22   PGM / RUN BY / DATE 
JPL'S GLOBAL IONOSPHERE MAPS YEAR 2020 DAY 228              COMMENT             
Global Ionospheric Maps (GIM) are generated on an hourly    DESCRIPTION         
and daily basis at JPL using data from up to 100 GPS sites  DESCRIPTION         
of the IGS and others institutions.                         DESCRIPTION         
The vertical TEC is modeled in a solar-geomagnetic          DESCRIPTION         
reference frame using bi-cubic splines on a spherical grid. DESCRIPTION         
A Kalman filter is used to solve simultaneously for         DESCRIPTION         
instrumental biases and VTEC on the grid (as stochastic     DESCRIPTION         
parameters).                                                DESCRIPTION         
Contact Address:  gpsiono@cobra.jpl.nasa.gov .              DESCRIPTION         
  2020     8    15     0     0     0                        EPOCH OF FIRST MAP  
  2020     8    16     0     0     0                        EPOCH OF LAST MAP   
  7200                                                      INTERVAL            
    13                                                      # OF MAPS IN FILE   
  NONE                                                      MAPPING FUNCTION    
    10.0                                                    ELEVATION CUTOFF    
One-way carrier phase leveled to code                       OBSERVABLES USED    
   170                                                      # OF STATIONS       
    31                                                      # OF SATELLITES     
  6371.0                                                    BASE RADIUS         
     2                                                      MAP DIMENSION       
   450.0 450.0   0.0                                        HGT1 / HGT2 / DHGT  
    87.5 -87.5  -2.5                                        LAT1 / LAT2 / DLAT  
  -180.0 180.0   5.0                                        LON1 / LON2 / DLON  
    -1                                                      EXPONENT            
TEC/RMS values in 0.1 TECU; 9999, if no value available     COMMENT             
                                                            END OF HEADER       
[from data line 4290]
    11                                                      START OF TEC MAP    
  2020     8    15    20     0     0                        EPOCH OF CURRENT MAP
    87.5-180.0 180.0   5.0 450.0                            LAT/LON1/LON2/DLON/H
   79   80   80   80   81   81   81   82   82   82   82   82   83   83   83   83
   83   83   83   83   83   83   83   82   82   82   82   82   81   81   81   80
   80   80   79   79   79   79   78   78   78   77   77   77   77   76   76   76
   76   75   75   75   75   75   75   75   75   75   75   75   76   76   76   76
   77   77   77   78   78   78   79   79   79
    85.0-180.0 180.0   5.0 450.0                            LAT/LON1/LON2/DLON/H
   80   81   81   82   82   83   84   84   85   85   86   86   86   87   87   87
   87   87   87   87   87   87   86   86   85   85   84   84   83   83   82   82
   81   80   80   79   79   78   78   78   77   77   76   76   75   75   74   74
   73   72   72   72   71   71   71   71   71   71   71   72   72   73   73   74
   74   75   76   77   77   78   79   79   80
    82.5-180.0 180.0   5.0 450.0                            LAT/LON1/LON2/DLON/H
   81   82   82   83   84   85   86   87   87   88   89   90   90   91   91   92
   92   92   92   91   91   90   90   89   88   87   86   85   84   83   82   81
   80   79   79   78   78   77   77   76   76   76   75   75   74   73   73   72
   71   70   69   68   68   67   67   67   67   67   67   68   69   70   70   72
   73   74   75   76   77   78   79   80   81
    80.0-180.0 180.0   5.0 450.0                            LAT/LON1/LON2/DLON/H
   82   83   84   85   86   87   88   89   90   91   92   93   94   95   96   96
   97   97   96   96   95   94   93   91   90   88   86   84   83   81   79   78
   77   76   75   74   74   73   73   73   73   73   73   73   73   72   71   70
   68   67   66   65   64   63   62   62   62   62   63   64   65   66   68   69
   71   72   74   75   77   78   79   81   82
    77.5-180.0 180.0   5.0 450.0                            LAT/LON1/LON2/DLON/H
   83   84   85   86   87   88   89   90   91   93   95   96   98   99  101  102
  102  102  102  101   99   97   95   93   90   88   85   83   81   79   77   75
   73   72   70   69   68   68   68   68   69   69   70   70   70   69   68   67
   65   63   62   60   58   57   57   56   57   57   58   59   61   62   64   66
   68   71   73   75   77   78   80   82   83
    75.0-180.0 180.0   5.0 450.0                            LAT/LON1/LON2/DLON/H
   84   86   87   87   88   89   90   91   93   95   97  100  102  104  106  107
  107  107  106  105  103  100   97   94   90   87   84   81   79   76   74   73
   71   69   67   65   64   63   63   63   64   65   66   66   66   66   64   63
   60   58   56   54   52   51   51   51   51   52   53   54   56   59   61   63
   66   69   71   74   77   79   81   83   84
    72.5-180.0 180.0   5.0 450.0                            LAT/LON1/LON2/DLON/H
   87   88   89   90   90   91   92   93   95   97  100  103  106  108  110  111
  111  111  110  108  105  102   99   95   90   87   83   80   77   75   73   72
   70   68   66   64   62   61   60   60   60   61   62   63   63   62   60   57
   55   52   49   47   46   45   45   45   46   47   48   50   53   55   58   61
   64   67   71   74   77   80   83   85   87
    70.0-180.0 180.0   5.0 450.0                            LAT/LON1/LON2/DLON/H
   90   92   93   93   93   93   94   95   97  100  103  106  109  111  113  113
  113  113  112  110  107  104  100   95   91   87   83   80   77   75   74   73
   72   70   68   65   63   60   59   58   58   59   60   60   60   58   56   52
   49   46   43   41   40   39   39   40   41   43   45   47   50   53   56   60
   63   67   71   74   78   82   85   88   90
    67.5-180.0 180.0   5.0 450.0                            LAT/LON1/LON2/DLON/H
   95   97   98   98   98   97   98   99  101  103  106  109  111  113  113  114
  113  113  112  110  108  104  101   96   92   88   85   82   80   78   77   76
   75   73   71   68   65   62   60   59   58   59   59   59   58   56   53   49
   45   41   38   36   36   35   36   37   39   41   43   46   49   53   56   60
   64   68   72   76   80   85   89   92   95
    65.0-180.0 180.0   5.0 450.0                            LAT/LON1/LON2/DLON/H
  100  102  104  104  104  103  103  104  105  107  109  111  112  113  113  112
  112  111  111  109  107  105  102   98   95   91   89   86   84   83   81   80
   79   77   74   71   67   64   62   61   61   61   61   60   59   56   52   47
   43   39   36   35   34   34   35   37   39   41   44   47   51   54   58   62
   66   70   74   78   83   88   93   97  100
    62.5-180.0 180.0   5.0 450.0                            LAT/LON1/LON2/DLON/H
  106  109  110  111  111  110  110  109  110  110  111  112  112  112  112  111
  110  109  109  108  107  105  103  100   98   96   94   92   90   88   87   85
   82   80   77   73   70   67   66   65   65   65   64   63   61   57   53   48
   44   40   37   36   36   36   37   39   41   44   46   50   54   58   62   66
   70   73   77   81   86   92   97  102  106
    60.0-180.0 180.0   5.0 450.0                            LAT/LON1/LON2/DLON/H
  111  115  117  119  119  118  117  116  115  114  114  114  113  112  111  110
  109  108  107  107  106  105  104  102  101  100   99   98   96   94   92   89
   86   82   79   76   73   71   70   70   70   70   69   67   64   60   56   51
   47   43   41   40   39   40   41   43   45   47   50   54   58   62   67   70
   74   77   81   85   90   95  101  106  111
    57.5-180.0 180.0   5.0 450.0                            LAT/LON1/LON2/DLON/H
  116  121  124  126  127  126  125  123  120  118  117  116  115  114  113  111
  110  108  107  107  106  106  105  105  105  105  105  104  102  100   97   93
   88   84   81   78   76   75   75   76   77   77   75   72   68   64   60   55
   51   48   46   45   45   45   46   48   49   52   55   58   62   66   71   74
   78   81   84   88   93   98  104  110  116
    55.0-180.0 180.0   5.0 450.0                            LAT/LON1/LON2/DLON/H
  121  127  131  134  135  135  133  130  127  123  121  119  118  117  116  114
  112  110  109  108  107  107  107  107  108  109  110  109  108  105  102   97
   92   88   84   82   81   81   82   84   85   84   82   78   74   69   64   60
   56   53   52   51   51   52   52   53   55   56   59   62   66   69   73   77
   80   84   87   91   96  102  108  114  121
    52.5-180.0 180.0   5.0 450.0                            LAT/LON1/LON2/DLON/H
  125  132  138  141  143  143  142  138  134  129  125  123  122  121  121  119
  116  113  111  110  110  109  109  110  111  112  114  114  113  111  107  102
   97   93   90   89   88   89   91   93   94   92   89   84   79   74   69   65
   61   58   57   56   57   58   59   60   60   61   63   65   68   71   74   77
   81   86   90   95   99  105  111  118  125
    50.0-180.0 180.0   5.0 450.0                            LAT/LON1/LON2/DLON/H
  130  137  143  148  151  151  150  146  141  136  131  128  126  126  125  123
  120  117  115  114  113  112  112  112  114  116  118  119  119  118  114  110
  105  102  100   99   99  100  101  102  103  100   96   90   85   79   74   69
   65   63   61   62   63   64   65   65   65   65   66   68   69   71   74   77
   81   87   92   98  103  108  114  122  130
    47.5-180.0 180.0   5.0 450.0                            LAT/LON1/LON2/DLON/H
  134  142  148  153  156  157  156  153  148  142  137  133  131  131  130  127
  124  121  119  117  116  115  114  115  117  119  122  125  126  126  124  120
  117  114  113  112  112  111  112  112  111  107  102   96   90   85   79   73
   69   66   66   66   68   70   71   70   69   68   68   69   70   71   72   75
   80   87   94  101  106  111  118  126  134
    45.0-180.0 180.0   5.0 450.0                            LAT/LON1/LON2/DLON/H
  138  145  151  156  159  161  160  158  154  148  143  138  136  135  133  130
  127  124  122  120  119  118  117  118  120  123  126  130  134  136  136  134
  131  129  128  127  126  124  122  120  117  112  106  100   95   90   84   78
   73   70   70   71   73   74   75   74   72   70   70   70   70   70   71   74
   80   88   96  103  109  115  122  130  138
    42.5-180.0 180.0   5.0 450.0                            LAT/LON1/LON2/DLON/H
  142  149  154  157  160  161  161  160  158  153  148  143  141  138  136  133
  129  126  124  123  121  120  120  122  124  127  131  136  142  148  149  148
  147  146  145  144  140  135  131  127  122  115  108  103   99   95   89   82
   77   74   74   75   77   78   77   75   73   71   70   69   69   69   70   73
   79   88   98  106  112  118  125  134  142
    40.0-180.0 180.0   5.0 450.0                            LAT/LON1/LON2/DLON/H
  146  151  155  157  158  159  159  160  159  156  152  148  145  142  139  135
  131  128  126  125  124  123  124  126  129  132  136  143  151  159  163  163
  162  163  163  160  154  146  138  132  124  116  109  104  102   99   94   87
   81   78   78   79   81   81   79   75   73   70   69   68   68   68   69   72
   79   88   99  108  115  122  129  138  146
    37.5-180.0 180.0   5.0 450.0                            LAT/LON1/LON2/DLON/H
  150  155  156  156  155  154  155  157  158  158  156  153  150  146  142  137
  132  129  127  126  126  126  127  131  134  138  142  150  160  171  176  177
  177  178  179  175  166  154  144  135  125  116  109  105  104  103   98   91
   85   82   82   83   84   82   79   75   71   69   68   67   66   67   68   72
   79   88   99  109  118  126  134  142  150
    35.0-180.0 180.0   5.0 450.0                            LAT/LON1/LON2/DLON/H
  154  159  158  155  152  150  150  153  156  158  159  158  155  151  146  139
  134  130  128  127  127  128  131  136  140  144  149  157  170  182  188  189
  189  191  193  188  176  161  148  136  125  115  108  106  106  105  101   95
   89   85   84   85   85   83   78   73   70   67   67   66   66   66   67   71
   78   88   99  111  120  129  138  147  154
    32.5-180.0 180.0   5.0 450.0                            LAT/LON1/LON2/DLON/H
  159  162  161  155  149  145  145  149  154  158  161  163  161  158  151  143
  136  132  129  128  129  131  136  141  147  151  157  166  179  192  198  199
  199  202  204  198  183  165  149  136  124  114  107  106  107  107  103   96
   90   86   85   85   85   82   77   72   68   66   66   66   66   65   66   70
   77   87   99  111  122  131  141  151  159
    30.0-180.0 180.0   5.0 450.0                            LAT/LON1/LON2/DLON/H
  162  166  163  156  148  142  141  145  151  158  164  168  168  164  157  148
  140  134  131  130  131  134  140  147  154  160  166  175  188  201  207  208
  207  210  211  204  187  166  148  133  121  111  106  105  107  106  102   96
   89   84   82   82   82   80   75   70   67   65   66   67   66   65   65   69
   76   86   98  110  122  132  142  153  162
    27.5-180.0 180.0   5.0 450.0                            LAT/LON1/LON2/DLON/H
  164  169  166  157  148  141  139  142  150  159  168  174  175  172  164  154
  145  138  133  132  134  139  147  155  163  169  176  186  198  210  216  216
  214  215  214  204  185  164  145  129  117  108  103  103  105  104   99   92
   85   80   77   77   78   77   73   69   66   65   66   68   67   65   64   67
   74   84   96  109  120  131  142  154  164
    25.0-180.0 180.0   5.0 450.0                            LAT/LON1/LON2/DLON/H
  164  170  168  161  151  143  140  142  150  161  172  180  183  180  173  162
  152  143  138  137  140  146  155  164  173  180  188  196  208  218  224  223
  220  218  213  200  180  159  139  124  112  104  100  100  101   99   93   86
   79   73   71   71   73   73   72   69   66   65   67   69   67   65   64   66
   72   82   94  106  118  128  140  152  164
    22.5-180.0 180.0   5.0 450.0                            LAT/LON1/LON2/DLON/H
  163  171  171  166  157  149  145  146  154  165  177  187  191  189  182  172
  161  152  146  145  148  156  166  176  186  193  200  208  217  227  232  230
  225  219  209  193  172  151  133  118  107  100   96   96   95   92   86   79
   71   66   64   65   68   70   70   69   66   65   67   69   68   65   63   64
   70   80   92  104  115  125  137  150  163
    20.0-180.0 180.0   5.0 450.0                            LAT/LON1/LON2/DLON/H
  162  172  175  173  167  160  155  156  162  172  184  194  199  199  192  182
  173  164  158  156  160  169  180  192  201  207  212  218  226  234  238  235
  227  217  202  183  161  142  126  113  102   95   92   91   89   85   79   71
   64   59   57   60   65   68   70   69   67   66   67   69   68   65   63   63
   68   78   91  103  113  124  135  149  162
    17.5-180.0 180.0   5.0 450.0                            LAT/LON1/LON2/DLON/H
  162  173  181  183  180  175  171  171  175  183  194  203  208  208  202  193
  185  177  171  170  175  184  196  208  217  222  225  228  233  238  240  236
  226  212  193  171  150  132  119  107   97   91   88   87   84   79   71   64
   57   53   53   57   63   68   70   69   68   67   67   68   67   65   63   62
   66   77   90  103  114  124  136  149  162
    15.0-180.0 180.0   5.0 450.0                            LAT/LON1/LON2/DLON/H
  165  177  187  194  195  193  190  190  192  197  205  213  218  217  211  204
  196  190  185  184  190  200  212  224  231  234  235  235  237  238  238  232
  220  203  182  159  138  123  112  102   94   88   86   83   80   74   66   58
   52   48   49   55   62   67   70   69   68   67   66   66   66   65   62   60
   64   75   90  104  116  128  139  152  165
    12.5-180.0 180.0   5.0 450.0                            LAT/LON1/LON2/DLON/H
  170  182  195  204  210  211  210  210  211  213  218  223  227  225  219  212
  206  201  197  197  203  214  226  236  243  244  242  239  237  234  230  221
  207  190  169  146  127  114  106   98   91   86   84   82   77   70   62   54
   48   45   47   53   61   67   69   69   68   66   64   63   64   64   61   59
   62   74   89  105  120  133  145  157  170
    10.0-180.0 180.0   5.0 450.0                            LAT/LON1/LON2/DLON/H
  176  189  202  214  222  227  228  229  229  229  231  234  236  232  225  219
  214  209  206  207  214  224  235  243  248  248  245  239  232  224  216  205
  191  174  155  134  117  106  101   95   89   85   83   81   75   68   59   51
   45   43   45   52   60   65   67   67   66   65   62   60   61   61   59   57
   60   72   88  106  123  137  151  163  176
     7.5-180.0 180.0   5.0 450.0                            LAT/LON1/LON2/DLON/H
  181  195  209  223  233  239  243  245  245  244  244  244  243  238  230  223
  218  215  212  214  221  231  239  245  249  248  243  235  224  211  199  186
  173  158  142  124  109  101   98   94   89   85   83   80   74   66   57   49
   44   42   44   51   58   63   64   64   64   62   59   57   57   58   57   55
   58   69   86  105  124  141  156  169  181
     5.0-180.0 180.0   5.0 450.0                            LAT/LON1/LON2/DLON/H
  185  199  215  229  241  249  254  256  257  257  255  253  250  244  234  227
  221  217  215  217  224  233  239  243  246  245  239  229  214  197  181  168
  155  143  130  116  105   99   96   93   89   85   83   80   73   65   56   48
   44   42   44   49   55   59   60   61   61   59   56   53   53   54   54   52
   56   66   83  103  123  141  157  172  185
     2.5-180.0 180.0   5.0 450.0                            LAT/LON1/LON2/DLON/H
  186  201  218  235  249  258  262  264  267  268  266  262  256  248  238  229
  222  218  216  218  225  232  237  239  242  241  235  223  205  184  166  152
  141  131  122  111  102   97   95   92   87   84   81   78   71   63   54   48
   44   43   45   48   52   55   56   57   57   56   53   50   50   51   51   51
   54   64   79   99  119  138  156  171  186
