testing/jplg2280.20i
     1.0            IONOSPHERE MAPS     GPS                 IONEX VERSION / TYPE
GIM V3.0            JPL - GNISD         18-aug-2020 01:22   PGM / RUN BY / DATE 
JPL'S GLOBAL IONOSPHERE MAPS YEAR 2020 DAY 228              COMMENT             
Global Ionospheric Maps (GIM) are generated on an hourly    DESCRIPTION         
and daily basis at JPL using data from up to 100 GPS sites  DESCRIPTION         
of the IGS and others institutions.                         DESCRIPTION         
The vertical TEC is modeled in a solar-geomagnetic          DESCRIPTION         
reference frame using bi-cubic splines on a spherical grid. DESCRIPTION         
A Kalman filter is used to solve simultaneously for         DESCRIPTION         
instrumental biases and VTEC on the grid (as stochastic     DESCRIPTION         
parameters).                                                DESCRIPTION         
Contact Address:  gpsiono@cobra.jpl.nasa.gov .              DESCRIPTION         
  2020     8    15     0     0     0                        EPOCH OF FIRST MAP  
  2020     8    16     0     0     0                        EPOCH OF LAST MAP   
  7200                                                      INTERVAL            
    13                                                      # OF MAPS IN FILE   
  NONE                                                      MAPPING FUNCTION    
    10.0                                                    ELEVATION CUTOFF    
One-way carrier phase leveled to code                       OBSERVABLES USED    
   170                                                      # OF STATIONS       
    31                                                      # OF SATELLITES     
  6371.0                                                    BASE RADIUS         
     2                                                      MAP DIMENSION       
   450.0 450.0   0.0                                        HGT1 / HGT2 / DHGT  
    87.5 -87.5  -2.5                                        LAT1 / LAT2 / DLAT  
  -180.0 180.0   5.0                                        LON1 / LON2 / DLON  
    -1                                                      EXPONENT            
TEC/RMS values in 0.1 TECU; 9999, if no value available     COMMENT             
                                                            END OF HEADER       
[from data line 3432]
     9                                                      START OF TEC MAP    
  2020     8    15    16     0     0                        EPOCH OF CURRENT MAP
    87.5-180.0 180.0   5.0 450.0                            LAT/LON1/LON2/DLON/H
   92   92   93   93   94   94   95   95   95   96   96   96   97   97   97   97
   97   98   98   98   98   98   98   98   98   98   97   97   97   97   97   96
   96   96   95   95   95   94   94   93   93   93   92   92   91   91   91   90
   90   90   89   89   89   89   89   88   88   88   88   88   88   89   89   89
   89   89   90   90   90   91   91   92   92
    85.0-180.0 180.0   5.0 450.0                            LAT/LON1/LON2/DLON/H
   90   91   92   92   93   94   95   96   96   97   98   98   99   99  100  100
  100  100  101  101  101  101  101  101  100  100  100   99   99   99   98   98
   97   97   96   95   95   94   93   93   92   91   90   90   89   88   87   87
   86   85   85   84   84   83   83   82   82   82   82   82   82   83   83   83
   84   85   85   86   87   87   88   89   90
    82.5-180.0 180.0   5.0 450.0                            LAT/LON1/LON2/DLON/H
   87   88   90   91   92   93   94   95   96   97   98   99  100  100  101  101
  102  102  102  102  102  102  102  102  102  101  101  100  100   99   98   97
   97   96   95   94   94   93   92   91   90   89   88   87   86   85   84   83
   82   81   80   79   78   78   77   76   76   76   76   76   76   76   77   77
   78   79   80   81   82   83   84   86   87
    80.0-180.0 180.0   5.0 450.0                            LAT/LON1/LON2/DLON/H
   84   85   87   89   90   92   93   94   95   96   97   98   99  100  101  101
  102  102  103  103  103  103  102  102  101  101  100   99   98   98   97   96
   95   94   93   92   91   90   89   88   87   86   85   84   83   82   80   79
   78   77   76   74   73   72   71   71   70   70   69   69   69   70   70   70
   71   72   73   75   76   78   80   82   84
    77.5-180.0 180.0   5.0 450.0                            LAT/LON1/LON2/DLON/H
   79   81   84   86   87   89   90   91   92   94   95   96   97   98   99  100
  101  102  102  102  102  102  101  100  100   99   98   97   96   95   94   93
   92   92   91   90   89   88   87   86   85   84   82   81   80   79   78   76
   75   73   72   71   69   68   67   66   65   64   64   63   63   63   63   63
   63   64   65   67   69   71   73   76   79
    75.0-180.0 180.0   5.0 450.0                            LAT/LON1/LON2/DLON/H
   73   76   79   82   84   85   86   87   89   90   92   93   95   97   98   99
  100  100  100  100  100   99   99   98   97   96   95   94   93   92   92   91
   90   89   88   87   86   85   84   83   82   81   80   79   78   77   75   74
   73   71   69   68   66   65   63   62   61   60   59   58   57   56   55   55
   54   54   55   57   59   62   66   69   73
    72.5-180.0 180.0   5.0 450.0                            LAT/LON1/LON2/DLON/H
   66   70   74   77   79   81   82   83   85   87   89   91   94   96   97   98
   98   98   98   97   97   97   96   94   93   92   92   91   91   90   90   89
   88   88   87   86   85   84   82   81   80   79   78   77   76   75   74   73
   71   70   68   66   64   63   61   59   58   56   55   54   52   50   49   47
   45   45   45   46   49   52   57   61   66
    70.0-180.0 180.0   5.0 450.0                            LAT/LON1/LON2/DLON/H
   59   65   70   73   76   78   79   80   82   84   87   90   93   95   96   96
   96   95   95   95   95   94   93   91   90   89   89   89   89   89   89   89
   88   88   86   85   84   83   81   80   79   78   77   77   76   75   74   73
   71   69   68   66   63   61   59   58   56   54   53   51   49   46   44   41
   38   36   36   37   39   43   48   54   59
    67.5-180.0 180.0   5.0 450.0                            LAT/LON1/LON2/DLON/H
   55   61   66   71   74   76   78   79   81   84   87   90   93   95   95   94
   93   92   92   93   93   92   91   90   88   88   87   88   89   90   90   90
   90   89   88   86   85   83   81   80   79   78   77   77   76   76   75   74
   72   70   68   66   63   61   59   56   55   53   52   50   48   45   42   38
   35   32   30   30   32   36   42   48   55
    65.0-180.0 180.0   5.0 450.0                            LAT/LON1/LON2/DLON/H
   52   59   66   71   75   77   78   80   82   84   88   91   94   94   93   91
   90   89   90   92   93   92   91   89   88   88   88   89   90   92   93   93
   92   91   89   88   86   84   83   81   80   79   78   78   78   78   77   76
   74   72   69   66   64   61   58   56   54   53   52   51   49   47   44   40
   36   33   30   29   30   34   39   45   52
    62.5-180.0 180.0   5.0 450.0                            LAT/LON1/LON2/DLON/H
   54   61   68   73   77   80   81   82   84   87   90   93   94   93   91   89
   88   88   90   92   94   93   92   90   89   89   90   91   93   95   96   96
   94   93   91   90   88   87   85   83   82   81   81   81   81   81   80   79
   77   75   72   68   65   61   59   56   55   54   54   54   53   52   50   47
   43   39   36   34   34   37   41   47   54
    60.0-180.0 180.0   5.0 450.0                            LAT/LON1/LON2/DLON/H
   58   65   72   78   82   84   85   86   88   90   93   95   95   93   91   88
   87   88   91   93   95   95   94   92   91   92   93   95   97   99   99   98
   96   94   92   92   91   90   88   87   86   85   84   84   85   85   85   83
   81   78   75   71   67   63   60   58   57   57   57   58   58   58   57   55
   52   49   45   43   43   44   47   52   58
    57.5-180.0 180.0   5.0 450.0                            LAT/LON1/LON2/DLON/H
   66   72   79   84   88   90   91   92   92   94   96   97   97   95   92   89
   88   90   92   95   96   96   95   94   94   95   97   99  102  103  103  101
   98   95   93   93   93   93   92   92   91   90   90   89   89   90   90   88
   86   83   79   75   71   67   64   61   61   61   62   63   64   65   65   64
   62   60   57   54   53   54   56   60   66
    55.0-180.0 180.0   5.0 450.0                            LAT/LON1/LON2/DLON/H
   73   79   86   91   95   97   98   98   98   99  100  100   99   97   94   92
   91   93   95   97   98   97   97   96   97   98  101  104  107  109  108  104
  100   96   94   94   95   96   97   98   98   98   97   95   95   95   95   94
   91   88   84   80   76   72   69   67   66   66   67   68   69   70   71   71
   71   69   67   65   64   63   65   68   73
    52.5-180.0 180.0   5.0 450.0                            LAT/LON1/LON2/DLON/H
   80   86   92   97  101  103  105  106  105  105  104  104  102  100   97   96
   96   97   98   98   98   98   97   98  100  102  106  109  112  114  112  108
  102   98   96   96   97   99  102  104  106  106  105  102  101  100  100   99
   96   93   90   86   82   79   76   74   73   72   72   73   73   74   75   76
   76   76   75   73   71   71   72   75   80
    50.0-180.0 180.0   5.0 450.0                            LAT/LON1/LON2/DLON/H
   83   89   95  101  105  109  112  113  113  111  109  107  105  103  102  101
  101  101  101  100   99   98   98  100  102  106  110  114  117  119  117  112
  106  101  100  100  101  103  106  111  114  115  113  109  107  106  105  103
  101   98   95   92   89   87   84   81   80   78   78   77   76   76   76   78
   80   80   80   78   76   75   75   78   83
    47.5-180.0 180.0   5.0 450.0                            LAT/LON1/LON2/DLON/H
   83   89   96  102  107  113  117  120  120  117  113  110  108  107  106  106
  106  106  105  102  100   98   99  102  105  110  115  119  122  122  120  115
  110  106  105  105  106  107  111  117  121  122  120  116  113  111  109  107
  105  103  101   99   97   94   91   88   86   84   82   80   78   77   77   79
   81   83   82   80   78   76   76   78   83
    45.0-180.0 180.0   5.0 450.0                            LAT/LON1/LON2/DLON/H
   80   86   92   99  105  112  120  124  125  122  118  114  112  111  111  112
  112  111  108  105  101  100  101  104  109  114  119  123  125  125  123  119
  114  112  112  113  113  114  117  123  128  129  126  122  118  115  113  111
  109  107  106  105  103  101   97   94   90   87   84   81   78   77   77   80
   83   85   84   82   79   76   75   76   80
    42.5-180.0 180.0   5.0 450.0                            LAT/LON1/LON2/DLON/H
   77   82   87   92   99  108  118  126  128  126  122  119  117  116  116  117
  118  116  113  108  104  103  104  108  113  118  123  126  127  126  124  121
  119  119  120  122  123  123  125  130  134  135  132  128  123  119  116  114
  112  111  111  110  109  106  101   96   92   87   84   81   78   77   78   81
   85   87   86   83   79   75   73   73   77
    40.0-180.0 180.0   5.0 450.0                            LAT/LON1/LON2/DLON/H
   74   77   81   85   91  101  113  124  130  130  127  124  123  122  123  123
  123  121  117  112  108  107  109  113  118  123  127  129  129  127  126  124
  124  126  130  134  135  135  135  138  141  142  139  134  129  124  120  117
  115  115  115  115  113  109  103   97   91   86   82   79   77   77   79   83
   87   89   89   85   81   76   73   72   74
    37.5-180.0 180.0   5.0 450.0                            LAT/LON1/LON2/DLON/H
   73   75   76   78   82   93  107  120  129  133  133  132  131  130  130  130
  128  125  121  116  112  111  113  117  122  127  130  131  131  129  128  128
  129  133  140  147  150  150  149  150  152  151  148  143  136  129  123  120
  118  118  119  118  115  110  103   96   89   84   80   77   76   77   80   85
   89   92   91   88   83   78   75   73   73
    35.0-180.0 180.0   5.0 450.0                            LAT/LON1/LON2/DLON/H
   76   75   74   72   75   84   99  115  128  136  140  142  141  140  138  136
  133  128  123  118  115  115  117  121  126  130  132  133  133  133  132  133
  135  141  151  161  167  168  167  166  166  165  161  154  145  135  127  122
  120  121  121  120  116  111  103   95   87   81   77   75   75   77   81   86
   91   94   93   90   85   81   78   76   76
    32.5-180.0 180.0   5.0 450.0                            LAT/LON1/LON2/DLON/H
   79   77   73   69   69   77   92  109  125  138  146  151  152  150  146  141
  136  130  124  120  117  117  120  124  128  131  134  136  137  138  139  140
  143  150  162  176  186  189  188  187  186  184  178  168  155  142  131  124
  122  121  121  119  115  110  102   94   86   80   76   74   74   76   81   86
   91   94   94   91   87   84   81   80   79
    30.0-180.0 180.0   5.0 450.0                            LAT/LON1/LON2/DLON/H
   82   79   74   68   66   72   85  103  122  138  151  159  161  159  153  146
  138  131  124  119  118  118  122  126  129  132  135  138  142  145  147  149
  153  161  175  192  206  212  213  212  209  205  196  182  165  149  136  127
  122  120  118  116  113  108  101   93   86   80   76   74   74   76   79   84
   88   92   92   90   87   84   83   82   82
    27.5-180.0 180.0   5.0 450.0                            LAT/LON1/LON2/DLON/H
   82   80   74   67   64   68   79   97  116  136  152  163  168  165  158  148
  139  130  123  118  117  119  123  126  130  133  136  141  148  153  157  161
  166  175  189  208  226  236  238  236  232  225  213  196  175  156  141  130
  123  118  114  111  109  106  100   94   87   81   77   75   74   75   77   81
   85   88   88   87   84   82   82   82   82
    25.0-180.0 180.0   5.0 450.0                            LAT/LON1/LON2/DLON/H
   80   79   74   67   63   65   74   90  110  131  150  164  170  168  160  149
  137  128  121  117  117  120  123  127  130  134  139  146  155  163  170  175
  181  190  205  225  244  256  260  256  249  240  225  206  183  163  146  132
  122  115  108  105  105  104  100   95   89   84   80   77   75   74   75   77
   81   84   84   82   79   78   78   79   80
    22.5-180.0 180.0   5.0 450.0                            LAT/LON1/LON2/DLON/H
   75   75   71   65   62   63   71   85  105  126  146  162  169  167  158  146
  135  126  120  117  118  121  125  128  132  137  143  153  164  175  184  191
  198  207  221  240  258  271  273  267  258  247  231  211  189  168  150  134
  122  111  104  101  102  103  101   97   92   88   83   79   76   74   73   75
   78   80   80   78   75   72   72   74   75
    20.0-180.0 180.0   5.0 450.0                            LAT/LON1/LON2/DLON/H
   70   70   68   63   61   62   69   83  100  121  141  157  166  164  155  142
  132  124  119  117  119  123  127  130  135  141  151  162  174  187  198  207
  213  221  234  251  267  278  277  267  256  245  230  212  191  171  152  135
  121  109  102  100  102  103  102   99   96   92   88   83   78   74   73   74
   76   78   77   75   71   68   67   68   70
    17.5-180.0 180.0   5.0 450.0                            LAT/LON1/LON2/DLON/H
   65   65   64   61   60   63   70   83   98  117  136  152  161  160  151  138
  129  122  119  119  122  126  129  133  138  148  159  172  185  198  210  219
  225  232  243  256  269  275  269  257  245  237  226  210  191  171  152  133
  118  108  102  101  104  106  105  103  100   98   93   87   80   75   73   74
   76   77   76   73   69   65   64   64   65
    15.0-180.0 180.0   5.0 450.0                            LAT/LON1/LON2/DLON/H
   63   62   61   59   59   63   72   84   99  115  133  148  156  156  147  136
  127  122  121  122  126  129  133  136  143  154  168  182  194  207  220  228
  232  236  245  255  264  265  256  242  232  228  221  208  190  170  148  129
  115  106  104  105  108  109  108  106  104  102   98   90   82   77   74   74
   76   77   76   73   69   66   64   63   63
    12.5-180.0 180.0   5.0 450.0                            LAT/LON1/LON2/DLON/H
   63   61   59   57   58   64   74   86   99  115  130  144  153  153  146  136
  129  125  125  127  130  133  136  140  148  161  176  190  202  214  224  230
  231  233  241  249  255  253  242  228  221  221  217  206  188  166  142  122
  110  105  105  109  111  111  110  108  107  106  102   93   84   77   75   75
   77   77   76   74   71   68   66   65   63
    10.0-180.0 180.0   5.0 450.0                            LAT/LON1/LON2/DLON/H
   65   61   58   55   56   63   74   86  100  114  129  142  150  152  147  139
  133  130  130  132  135  137  140  144  153  166  182  196  206  216  224  226
  224  225  232  240  244  242  232  221  218  220  218  206  186  160  134  114
  104  102  106  111  113  112  110  108  108  108  103   94   84   78   75   75
   76   76   75   74   72   70   69   68   65
     7.5-180.0 180.0   5.0 450.0                            LAT/LON1/LON2/DLON/H
   68   63   57   53   53   59   70   84   99  114  128  141  150  153  150  145
  140  137  136  138  140  141  144  148  157  171  186  199  209  216  220  219
  214  213  220  229  235  235  230  223  222  224  220  205  182  154  126  106
   98   99  105  110  112  110  108  107  107  107  103   94   84   77   74   73
   73   74   73   72   72   72   72   71   68
     5.0-180.0 180.0   5.0 450.0                            LAT/LON1/LON2/DLON/H
   70   64   58   52   50   54   65   79   96  112  128  141  150  155  155  152
  148  145  144  144  145  145  147  152  161  174  188  200  209  214  214  209
  202  200  208  219  228  233  233  230  230  228  220  202  176  146  117   98
   92   94  101  106  108  106  104  104  104  104  100   92   83   76   73   71
   70   70   70   69   69   70   72   72   70
     2.5-180.0 180.0   5.0 450.0                            LAT/LON1/LON2/DLON/H
   71   66   59   52   48   50   59   74   92  111  128  143  153  160  162  161
  157  153  151  150  150  149  151  156  165  176  189  200  207  210  207  200
  191  188  195  208  221  232  237  237  235  229  215  193  166  136  108   91
   87   90   96  100  101  100   99   99  100   99   96   89   81   75   71   68
   66   65   66   66   65   66   69   72   71
