testing/jplg2280.20i
     1.0            IONOSPHERE MAPS     GPS                 IONEX VERSION / TYPE
GIM V3.0            JPL - GNISD         18-aug-2020 01:22   PGM / RUN BY / DATE 
JPL'S GLOBAL IONOSPHERE MAPS YEAR 2020 DAY 228              COMMENT             
Global Ionospheric Maps (GIM) are generated on an hourly    DESCRIPTION         
and daily basis at JPL using data from up to 100 GPS sites  DESCRIPTION         
of the IGS and others institutions.                         DESCRIPTION         
The vertical TEC is modeled in a solar-geomagnetic          DESCRIPTION         
reference frame using bi-cubic splines on a spherical grid. DESCRIPTION         
A Kalman filter is used to solve simultaneously for         DESCRIPTION         
instrumental biases and VTEC on the grid (as stochastic     DESCRIPTION         
parameters).                                                DESCRIPTION         
Contact Address:  gpsiono@cobra.jpl.nasa.gov .              DESCRIPTION         
  2020     8    15     0     0     0                        EPOCH OF FIRST MAP  
  2020     8    16     0     0     0                        EPOCH OF LAST MAP   
  7200                                                      INTERVAL            
    13                                                      # OF MAPS IN FILE   
  NONE                                                      MAPPING FUNCTION    
    10.0                                                    ELEVATION CUTOFF    
One-way carrier phase leveled to code                       OBSERVABLES USED    
   170                                                      # OF STATIONS       
    31                                                      # OF SATELLITES     
  6371.0                                                    BASE RADIUS         
     2                                                      MAP DIMENSION       
   450.0 450.0   0.0                                        HGT1 / HGT2 / DHGT  
    87.5 -87.5  -2.5                                        LAT1 / LAT2 / DLAT  
  -180.0 180.0   5.0                                        LON1 / LON2 / DLON  
    -1                                                      EXPONENT            
TEC/RMS values in 0.1 TECU; 9999, if no value available     COMMENT             
                                                            END OF HEADER       
[from data line 2574]
     7                                                      START OF TEC MAP    
  2020     8    15    12     0     0                        EPOCH OF CURRENT MAP
    87.5-180.0 180.0   5.0 450.0                            LAT/LON1/LON2/DLON/H
   88   89   89   90   90   91   91   92   92   92   93   93   94   94   94   94
   95   95   95   95   95   96   96   96   96   96   96   96   96   95   95   95
   95   95   95   94   94   94   94   93   93   93   92   92   91   91   91   90
   90   89   89   89   88   88   87   87   87   87   86   86   86   86   86   86
   86   86   86   87   87   87   88   88   88
    85.0-180.0 180.0   5.0 450.0                            LAT/LON1/LON2/DLON/H
   83   84   85   86   87   88   89   90   91   92   93   93   94   95   95   96
   96   96   96   97   97   97   97   97   97   97   97   97   96   96   96   96
   96   95   95   95   94   94   94   93   93   92   92   91   90   90   89   88
   87   86   85   85   84   83   82   81   81   80   80   79   79   79   79   79
   79   79   79   80   80   81   82   82   83
    82.5-180.0 180.0   5.0 450.0                            LAT/LON1/LON2/DLON/H
   78   79   81   82   84   86   87   88   90   91   92   93   94   94   95   95
   96   96   96   97   97   97   97   97   96   96   96   96   95   95   95   95
   94   94   94   94   93   93   93   92   92   91   91   90   89   88   87   86
   85   84   82   81   80   78   77   76   75   74   73   73   72   72   71   71
   71   71   72   72   73   74   75   76   78
    80.0-180.0 180.0   5.0 450.0                            LAT/LON1/LON2/DLON/H
   72   74   76   78   80   82   84   86   87   88   90   91   91   92   93   94
   94   95   95   95   96   96   95   95   95   95   94   94   93   93   93   92
   92   92   92   91   91   91   91   91   90   90   89   89   88   87   86   84
   83   81   80   78   77   75   74   72   71   70   69   68   67   67   66   66
   66   66   66   66   67   68   69   70   72
    77.5-180.0 180.0   5.0 450.0                            LAT/LON1/LON2/DLON/H
   66   69   71   73   75   77   79   81   82   83   84   85   87   88   89   90
   91   92   93   94   94   94   94   94   93   93   92   91   91   90   90   90
   89   89   89   89   89   89   89   89   89   89   88   87   87   86   85   83
   82   80   79   77   75   73   72   71   70   69   68   67   66   66   65   64
   63   63   62   62   62   62   63   65   66
    75.0-180.0 180.0   5.0 450.0                            LAT/LON1/LON2/DLON/H
   61   63   65   67   69   71   72   73   74   75   76   78   80   82   84   87
   88   90   91   92   92   92   92   92   91   91   90   90   89   88   88   87
   87   87   87   87   87   88   88   88   88   88   87   87   86   85   84   83
   82   81   79   77   75   74   72   71   71   70   70   69   69   68   68   66
   65   63   62   61   60   59   59   59   61
    72.5-180.0 180.0   5.0 450.0                            LAT/LON1/LON2/DLON/H
   55   56   58   60   62   63   63   64   64   65   67   69   73   76   80   83
   85   87   88   89   90   91   91   90   90   89   89   88   88   87   87   87
   87   86   86   86   86   87   87   87   87   87   87   86   86   86   85   84
   83   82   80   78   77   75   74   73   73   73   74   74   74   74   73   71
   69   67   64   61   59   56   55   54   55
    70.0-180.0 180.0   5.0 450.0                            LAT/LON1/LON2/DLON/H
   49   49   51   53   55   55   55   55   55   56   58   61   66   70   75   78
   81   83   85   87   88   89   89   88   88   88   87   87   87   87   88   88
   87   87   87   86   86   86   87   87   87   87   87   87   86   86   86   85
   84   83   81   80   78   76   75   75   76   77   78   79   80   80   80   78
   75   72   68   63   59   55   51   49   49
    67.5-180.0 180.0   5.0 450.0                            LAT/LON1/LON2/DLON/H
   44   44   46   48   49   50   49   48   48   48   51   55   60   65   69   73
   76   79   81   83   85   86   87   87   87   87   87   87   88   89   89   90
   89   89   88   88   87   87   87   87   87   87   87   87   87   87   87   86
   85   84   82   80   79   77   76   77   78   80   82   84   86   87   86   84
   81   77   72   66   60   54   49   46   44
    65.0-180.0 180.0   5.0 450.0                            LAT/LON1/LON2/DLON/H
   42   42   44   46   47   48   47   45   44   44   46   50   54   59   64   68
   71   74   77   80   82   84   85   85   85   86   87   88   90   91   92   92
   92   91   90   89   88   88   88   88   88   89   89   88   88   88   88   87
   86   85   83   80   78   77   76   77   79   82   85   88   90   92   91   89
   86   81   76   70   63   56   50   45   42
    62.5-180.0 180.0   5.0 450.0                            LAT/LON1/LON2/DLON/H
   46   45   46   48   49   49   48   46   44   43   44   46   50   54   59   62
   66   69   73   76   79   82   83   83   84   86   87   90   92   94   95   96
   95   94   92   91   90   89   89   90   90   90   90   90   90   89   89   88
   87   85   82   80   77   75   75   76   79   83   87   91   94   95   95   94
   90   86   80   74   68   61   55   49   46
    60.0-180.0 180.0   5.0 450.0                            LAT/LON1/LON2/DLON/H
   54   53   53   54   55   55   53   50   47   45   44   44   47   51   55   59
   62   66   70   74   77   80   81   82   83   86   88   92   95   97   99   99
   98   96   94   93   91   91   91   91   92   92   92   92   92   91   90   89
   87   85   83   80   77   75   75   76   80   84   89   93   97   99   99   98
   94   90   86   81   76   71   64   59   54
    57.5-180.0 180.0   5.0 450.0                            LAT/LON1/LON2/DLON/H
   67   64   63   63   63   62   60   57   53   49   46   45   46   49   53   57
   60   64   68   72   76   79   80   82   83   86   90   94   98  101  103  102
  100   98   96   94   93   93   93   94   94   95   95   95   94   94   92   91
   89   87   84   81   78   77   76   78   82   87   92   97  101  103  103  102
   99   95   92   89   86   82   77   72   67
    55.0-180.0 180.0   5.0 450.0                            LAT/LON1/LON2/DLON/H
   81   77   75   74   73   71   69   65   60   54   49   46   47   49   53   57
   60   64   69   73   77   79   81   82   84   88   92   97  102  105  107  106
  103  100   97   96   96   96   96   97   98   98   99   98   98   97   95   94
   92   90   87   85   82   81   81   83   87   92   97  102  105  108  108  107
  104  101   98   97   96   94   91   86   81
    52.5-180.0 180.0   5.0 450.0                            LAT/LON1/LON2/DLON/H
   93   89   87   85   83   81   78   74   68   61   55   51   50   52   55   59
   62   66   71   75   78   81   82   83   86   90   95  101  106  110  111  109
  105  102  100   99   99  100  101  102  102  103  103  103  102  101   99   98
   96   95   93   92   90   89   89   91   94   98  103  108  111  114  114  113
  110  107  105  105  105  104  102   98   93
    50.0-180.0 180.0   5.0 450.0                            LAT/LON1/LON2/DLON/H
  102   98   96   93   91   89   86   82   77   70   63   57   55   56   58   62
   65   70   74   78   81   83   84   85   88   93   99  105  110  113  114  111
  107  104  102  102  103  105  106  107  108  109  109  108  107  106  104  103
  102  102  101  101  100   99   99  100  102  106  110  114  118  120  120  119
  116  114  112  111  110  110  108  105  102
    47.5-180.0 180.0   5.0 450.0                            LAT/LON1/LON2/DLON/H
  105  102  100   98   96   94   92   89   85   79   72   66   62   61   63   65
   69   73   78   82   84   85   86   87   90   96  102  108  113  116  115  113
  109  106  105  106  109  111  113  114  115  116  116  115  113  111  110  109
  109  110  110  110  110  109  108  109  110  112  116  120  123  125  126  124
  122  120  117  115  113  111  109  107  105
    45.0-180.0 180.0   5.0 450.0                            LAT/LON1/LON2/DLON/H
  104  102  100   98   96   94   93   92   91   87   81   75   70   68   68   69
   73   77   82   85   87   88   88   90   93   98  105  110  115  116  116  113
  109  108  109  111  115  119  121  123  124  125  124  123  120  118  116  116
  117  118  119  119  119  117  116  115  115  116  119  123  127  129  130  129
  127  125  122  118  115  111  108  105  104
    42.5-180.0 180.0   5.0 450.0                            LAT/LON1/LON2/DLON/H
  101   99   97   95   91   89   89   91   93   92   89   84   78   74   72   73
   76   81   86   88   89   89   90   92   96  101  107  112  115  116  115  112
  110  110  113  117  122  127  130  133  134  135  134  132  128  125  123  123
  123  124  126  126  125  123  120  118  117  118  121  125  129  132  132  132
  130  128  125  121  115  110  105  103  101
    40.0-180.0 180.0   5.0 450.0                            LAT/LON1/LON2/DLON/H
   98   95   93   89   84   81   80   84   90   93   94   90   85   80   77   76
   79   84   89   91   91   90   91   93   98  103  109  113  115  115  113  111
  110  113  117  124  130  136  140  144  146  146  145  142  137  133  130  129
  129  130  131  131  130  128  125  122  120  120  122  127  131  133  133  133
  132  130  128  123  117  110  104  100   98
    37.5-180.0 180.0   5.0 450.0                            LAT/LON1/LON2/DLON/H
   96   93   89   84   77   71   70   75   83   91   95   94   90   85   81   79
   82   87   92   93   92   91   92   95   99  105  110  114  115  114  112  111
  112  117  123  131  139  145  151  155  158  159  158  154  148  141  137  135
  135  136  137  137  137  135  132  129  127  126  127  131  133  134  133  132
  131  131  129  126  120  113  105  100   96
    35.0-180.0 180.0   5.0 450.0                            LAT/LON1/LON2/DLON/H
   96   92   87   80   71   63   61   66   75   85   93   96   94   89   84   82
   84   89   93   94   93   92   93   96  100  106  110  113  113  112  111  111
  115  122  130  139  148  155  161  166  170  172  170  166  158  151  146  143
  143  144  146  147  149  149  147  145  141  139  139  139  139  136  133  130
  130  130  130  128  123  116  108  101   96
    32.5-180.0 180.0   5.0 450.0                            LAT/LON1/LON2/DLON/H
   97   92   87   80   70   59   55   58   68   80   90   95   95   92   87   84
   86   90   94   96   95   94   94   97  100  105  109  111  112  111  111  113
  119  128  138  148  157  164  171  177  182  184  183  178  170  162  156  154
  154  157  160  164  169  173  174  172  168  163  159  155  149  141  133  128
  126  127  129  128  124  118  110  103   97
    30.0-180.0 180.0   5.0 450.0                            LAT/LON1/LON2/DLON/H
   98   93   89   82   72   61   54   55   63   74   86   93   95   93   89   86
   86   90   94   96   97   96   96   97  100  103  107  109  110  110  112  117
  125  135  147  157  165  173  180  187  192  196  195  190  181  173  169  168
  171  176  182  189  198  207  211  210  203  195  186  175  162  146  133  124
  122  123  126  126  123  117  109  103   98
    27.5-180.0 180.0   5.0 450.0                            LAT/LON1/LON2/DLON/H
   97   94   91   86   76   66   58   56   61   70   81   89   92   91   88   86
   86   89   93   97   98   98   97   97   99  101  104  107  109  111  114  122
  132  144  156  166  174  181  189  196  202  206  205  200  192  185  184  187
  193  201  209  218  231  244  251  248  240  228  214  196  175  153  134  121
  117  118  121  121  118  112  105  100   97
    25.0-180.0 180.0   5.0 450.0                            LAT/LON1/LON2/DLON/H
   94   94   92   89   82   72   63   59   60   67   76   83   86   87   85   83
   84   87   92   96   99   99   98   97   98   99  102  106  109  113  119  129
  141  154  165  174  182  189  197  204  209  213  212  207  200  198  201  208
  218  228  236  246  260  275  283  280  269  254  235  212  185  158  135  119
  112  113  115  115  111  104   98   94   94
    22.5-180.0 180.0   5.0 450.0                            LAT/LON1/LON2/DLON/H
   90   92   92   90   85   77   68   62   61   64   70   76   78   79   79   79
   81   84   89   95   99  100   99   97   97   98  101  105  111  117  125  137
  151  164  175  183  190  197  204  211  215  217  215  211  207  208  217  228
  240  251  258  266  278  292  299  294  281  264  244  219  190  161  136  118
  110  109  110  108  103   96   90   88   90
    20.0-180.0 180.0   5.0 450.0                            LAT/LON1/LON2/DLON/H
   87   90   91   90   86   80   72   65   61   62   65   68   70   71   72   73
   76   81   86   92   97   99   98   97   96   97  100  106  114  122  133  147
  162  175  184  191  197  204  212  217  219  219  216  212  211  217  230  244
  257  266  270  273  280  288  291  285  272  256  237  215  188  162  138  120
  111  107  106  102   97   89   84   83   87
    17.5-180.0 180.0   5.0 450.0                            LAT/LON1/LON2/DLON/H
   86   89   89   88   86   80   73   66   61   60   62   62   62   63   65   68
   72   77   83   88   94   97   97   96   96   97  101  108  117  128  141  156
  171  184  192  198  204  212  219  222  222  219  215  213  215  224  238  253
  264  269  269  266  265  267  266  258  247  235  220  202  182  161  141  125
  114  108  104  100   94   87   82   82   86
    15.0-180.0 180.0   5.0 450.0                            LAT/LON1/LON2/DLON/H
   88   89   88   86   84   79   73   65   61   60   60   59   57   57   59   63
   68   74   80   85   90   94   96   96   96   98  102  110  121  134  148  164
  180  192  199  203  209  217  225  227  224  220  215  214  218  228  241  254
  262  263  259  251  244  239  233  226  218  209  198  187  174  160  144  130
  118  110  104   99   94   90   86   85   88
    12.5-180.0 180.0   5.0 450.0                            LAT/LON1/LON2/DLON/H
   94   92   88   85   81   77   71   64   61   60   59   57   55   55   56   60
   65   71   77   82   88   92   95   96   97   99  104  112  124  138  153  170
  185  197  203  206  212  221  228  230  226  221  217  217  221  230  240  249
  253  253  245  234  223  213  205  198  192  186  180  174  168  160  148  135
  122  111  104  100   98   96   94   93   94
    10.0-180.0 180.0   5.0 450.0                            LAT/LON1/LON2/DLON/H
  101   96   90   84   79   74   68   62   60   60   60   58   56   55   56   59
   63   69   75   81   87   91   94   96   98  100  105  113  125  140  156  173
  188  200  205  207  211  221  229  230  227  223  221  221  225  230  236  241
  243  241  234  223  211  200  191  185  181  176  171  169  167  162  152  139
  124  112  104  101  101  103  104  103  101
     7.5-180.0 180.0   5.0 450.0                            LAT/LON1/LON2/DLON/H
  107  100   91   83   76   70   64   59   59   60   60   59   57   57   57   59
   63   69   75   81   87   92   95   97   99  102  106  114  126  141  157  173
  188  199  203  203  206  215  224  227  226  225  224  225  226  227  230  232
  233  232  229  222  214  205  196  190  184  178  173  170  170  165  154  140
  124  111  103  102  104  109  112  111  107
     5.0-180.0 180.0   5.0 450.0                            LAT/LON1/LON2/DLON/H
  111  102   92   82   74   67   60   56   56   59   60   60   59   58   59   59
   63   68   75   82   88   93   96   98  100  103  107  114  125  140  156  172
  185  195  198  196  197  205  215  220  222  224  224  224  222  221  221  223
  226  229  230  229  226  220  213  205  196  187  179  175  174  168  155  138
  121  108  101  100  104  111  116  115  111
     2.5-180.0 180.0   5.0 450.0                            LAT/LON1/LON2/DLON/H
  110  102   91   80   71   63   56   53   54   57   58   59   59   59   60   60
   62   68   75   82   90   94   97   99  101  104  107  114  124  138  153  168
  180  188  188  185  184  191  202  209  214  218  218  216  213  210  210  214
  220  227  233  238  241  238  231  222  210  198  187  180  177  169  152  133
  117  104   98   98  102  109  114  115  110
