s001m/jplg1230.21i
     1.0            IONOSPHERE MAPS     GPS                 IONEX VERSION / TYPE
GIM V3.0            JPL - GNISD         06-may-2021 01:28   PGM / RUN BY / DATE 
JPL'S GLOBAL IONOSPHERE MAPS YEAR 2021 DAY 123              COMMENT             
Global Ionospheric Maps (GIM) are generated on an hourly    DESCRIPTION         
and daily basis at JPL using data from up to 100 GPS sites  DESCRIPTION         
of the IGS and others institutions.                         DESCRIPTION         
The vertical TEC is modeled in a solar-geomagnetic          DESCRIPTION         
reference frame using bi-cubic splines on a spherical grid. DESCRIPTION         
A Kalman filter is used to solve simultaneously for         DESCRIPTION         
instrumental biases and VTEC on the grid (as stochastic     DESCRIPTION         
parameters).                                                DESCRIPTION         
Contact Address:  gpsiono@cobra.jpl.nasa.gov .              DESCRIPTION         
  2021     5     3     0     0     0                        EPOCH OF FIRST MAP  
  2021     5     4     0     0     0                        EPOCH OF LAST MAP   
  7200                                                      INTERVAL            
    13                                                      # OF MAPS IN FILE   
  NONE                                                      MAPPING FUNCTION    
    10.0                                                    ELEVATION CUTOFF    
One-way carrier phase leveled to code                       OBSERVABLES USED    
   170                                                      # OF STATIONS       
    31                                                      # OF SATELLITES     
  6371.0                                                    BASE RADIUS         
     2                                                      MAP DIMENSION       
   450.0 450.0   0.0                                        HGT1 / HGT2 / DHGT  
    87.5 -87.5  -2.5                                        LAT1 / LAT2 / DLAT  
  -180.0 180.0   5.0                                        LON1 / LON2 / DLON  
    -1                                                      EXPONENT            
TEC/RMS values in 0.1 TECU; 9999, if no value available     COMMENT             
                                                            END OF HEADER       
[from data line 4290]
    11                                                      START OF TEC MAP    
  2021     5     3    20     0     0                        EPOCH OF CURRENT MAP
    87.5-180.0 180.0   5.0 450.0                            LAT/LON1/LON2/DLON/H
   91   92   92   92   93   93   93   94   94   94   94   94   94   94   94   94
   94   94   94   93   93   93   92   92   91   91   90   90   89   89   88   88
   87   87   86   86   85   85   84   84   84   84   83   83   83   83   83   83
   83   83   83   83   83   83   83   84   84   84   85   85   85   86   86   87
   87   88   88   89   89   90   90   91   91
    85.0-180.0 180.0   5.0 450.0                            LAT/LON1/LON2/DLON/H
   92   93   94   95   95   96   97   97   98   98   99   99   99   99   99   99
   99   99   98   98   97   96   96   95   94   93   92   90   89   88   87   86
   85   84   83   83   82   81   80   80   79   79   79   78   78   78   78   78
   77   77   77   78   78   78   78   79   79   80   81   81   82   83   84   84
   85   86   87   88   89   90   91   92   92
    82.5-180.0 180.0   5.0 450.0                            LAT/LON1/LON2/DLON/H
   92   93   94   95   96   97   98   99  100  101  101  102  103  103  103  103
  103  103  102  102  101  100   99   97   96   94   92   91   89   87   86   84
   83   81   80   79   78   77   77   76   76   75   75   75   74   74   74   74
   73   73   73   73   73   73   74   74   75   76   76   77   78   79   80   81
   82   84   85   86   87   88   89   90   92
    80.0-180.0 180.0   5.0 450.0                            LAT/LON1/LON2/DLON/H
   89   91   92   94   95   97   98  100  101  102  104  105  105  106  106  107
  107  106  106  105  104  103  101   99   97   95   93   90   88   86   83   81
   79   78   76   75   74   74   73   73   73   72   72   72   72   71   71   70
   70   69   69   69   69   69   70   70   71   71   72   73   74   75   76   77
   78   79   81   82   84   85   86   88   89
    77.5-180.0 180.0   5.0 450.0                            LAT/LON1/LON2/DLON/H
   87   89   90   92   94   96   98  100  102  103  105  106  107  108  109  109
  109  109  108  108  107  105  103  101   99   96   93   90   87   84   82   79
   77   75   74   73   72   71   71   71   70   70   70   70   69   68   68   67
   66   66   65   65   65   66   66   66   67   67   68   68   69   69   70   71
   73   74   75   77   79   81   83   85   87
    75.0-180.0 180.0   5.0 450.0                            LAT/LON1/LON2/DLON/H
   85   87   89   91   93   95   98  100  102  104  106  108  109  110  111  111
  111  111  110  110  109  107  105  103  100   97   93   90   87   84   81   79
   77   75   74   72   71   70   70   69   69   69   68   68   67   66   65   63
   62   61   61   61   61   62   62   63   63   63   63   63   64   64   64   65
   66   67   69   71   74   76   79   82   85
    72.5-180.0 180.0   5.0 450.0                            LAT/LON1/LON2/DLON/H
   84   86   89   91   93   95   97  100  103  105  107  109  110  111  112  112
  112  112  112  111  110  108  106  104  101   97   94   90   87   84   82   80
   78   77   76   74   73   71   70   69   68   68   67   66   65   63   61   59
   57   56   56   56   57   58   59   59   60   60   60   60   59   59   59   59
   60   61   63   65   69   73   77   81   84
    70.0-180.0 180.0   5.0 450.0                            LAT/LON1/LON2/DLON/H
   85   87   89   91   93   95   97  100  103  106  108  110  111  112  113  113
  113  113  113  113  112  110  107  104  102   98   95   92   88   86   84   83
   82   81   79   78   76   74   72   70   68   67   66   64   62   60   58   55
   53   51   51   51   52   54   55   56   57   57   57   57   57   56   55   55
   55   56   58   61   66   71   76   81   85
    67.5-180.0 180.0   5.0 450.0                            LAT/LON1/LON2/DLON/H
   87   89   90   91   93   95   98  101  104  107  110  111  112  113  113  113
  113  114  114  114  113  111  108  105  103  100   97   94   91   89   87   86
   86   85   84   82   79   76   73   70   68   66   65   63   61   59   56   52
   50   48   47   47   48   50   51   53   54   56   57   57   57   56   55   54
   54   54   56   60   65   71   78   83   87
    65.0-180.0 180.0   5.0 450.0                            LAT/LON1/LON2/DLON/H
   90   92   92   93   93   96   99  103  106  109  111  113  113  114  114  114
  114  115  115  115  114  112  109  106  104  102   99   97   95   93   91   91
   90   90   88   86   83   78   74   70   68   66   64   63   61   59   56   52
   49   46   45   45   45   46   47   49   52   55   58   60   61   61   60   59
   57   57   58   62   67   74   80   86   90
    62.5-180.0 180.0   5.0 450.0                            LAT/LON1/LON2/DLON/H
   93   95   95   95   95   98  101  105  109  111  113  114  115  114  114  114
  115  116  117  117  115  113  110  107  105  104  102  101   99   98   96   96
   95   94   92   89   85   80   76   71   68   67   66   65   64   62   58   55
   51   48   46   44   44   43   44   47   51   55   60   64   67   68   68   66
   65   63   63   66   71   77   84   90   93
    60.0-180.0 180.0   5.0 450.0                            LAT/LON1/LON2/DLON/H
   97   99   98   98   99  101  104  108  112  114  116  116  116  116  116  116
  117  118  118  118  116  114  111  109  108  107  106  105  104  103  102  101
  100   98   96   92   88   83   78   74   71   70   70   70   69   68   65   61
   57   53   49   46   44   43   43   46   51   57   64   70   74   77   77   76
   74   72   71   72   76   82   88   94   97
    57.5-180.0 180.0   5.0 450.0                            LAT/LON1/LON2/DLON/H
  102  104  104  103  104  106  109  113  116  117  118  119  119  119  119  119
  119  120  120  119  117  115  113  111  111  110  110  109  109  109  108  107
  105  103  100   96   92   87   83   79   77   77   77   78   78   76   73   69
   64   59   55   51   47   44   44   47   53   61   69   77   82   85   86   86
   83   81   79   79   82   87   93   98  102
    55.0-180.0 180.0   5.0 450.0                            LAT/LON1/LON2/DLON/H
  107  110  110  110  110  112  114  117  120  121  122  122  122  123  123  122
  122  122  121  120  118  117  116  115  115  114  114  114  114  115  114  113
  110  108  104  101   97   93   90   88   87   87   87   88   88   86   82   78
   72   67   62   57   52   48   48   51   58   67   75   83   88   91   93   93
   92   89   87   87   88   92   97  103  107
    52.5-180.0 180.0   5.0 450.0                            LAT/LON1/LON2/DLON/H
  112  116  117  117  117  118  120  122  124  125  125  126  126  127  127  127
  126  125  123  121  120  119  119  120  120  119  119  119  120  121  120  119
  116  113  110  107  105  103  101  100   99   99  100  100   99   96   92   86
   81   75   70   64   59   55   55   58   66   74   82   88   92   95   97   98
   98   97   95   94   95   98  102  107  112
    50.0-180.0 180.0   5.0 450.0                            LAT/LON1/LON2/DLON/H
  118  122  124  124  124  124  126  127  129  129  130  130  131  132  132  131
  130  128  125  123  122  122  124  126  127  126  125  125  125  126  126  124
  121  119  117  116  115  115  114  113  113  113  112  111  109  105  100   94
   88   83   78   72   67   64   63   67   74   82   88   92   94   96   99  101
  102  103  102  102  102  103  107  112  118
    47.5-180.0 180.0   5.0 450.0                            LAT/LON1/LON2/DLON/H
  122  126  128  129  129  129  131  132  133  134  134  134  135  136  136  136
  134  131  128  125  125  126  130  133  135  134  133  132  131  131  131  129
  127  125  125  126  127  128  129  128  128  126  125  122  118  112  107  101
   95   90   85   80   75   72   72   77   83   89   93   94   95   96   98  101
  105  107  109  109  108  109  112  117  122
    45.0-180.0 180.0   5.0 450.0                            LAT/LON1/LON2/DLON/H
  126  129  130  131  131  133  134  136  138  138  139  139  140  140  141  140
  139  136  132  129  129  132  137  141  144  143  142  140  138  137  135  133
  132  132  134  137  140  142  143  143  142  139  136  131  125  119  112  106
  101   96   91   87   83   80   81   85   90   95   96   95   94   95   97  101
  106  110  114  115  115  115  117  121  126
    42.5-180.0 180.0   5.0 450.0                            LAT/LON1/LON2/DLON/H
  130  131  131  131  132  134  137  140  142  144  144  145  145  145  145  145
  144  141  137  134  135  139  145  150  153  154  153  151  147  143  140  138
  138  140  144  148  153  156  157  157  154  150  145  139  132  124  117  111
  105  100   96   92   88   87   88   91   95   97   96   94   93   93   96  100
  106  112  117  119  120  121  123  127  130
    40.0-180.0 180.0   5.0 450.0                            LAT/LON1/LON2/DLON/H
  135  134  133  131  133  136  140  144  147  149  151  151  151  151  151  151
  150  147  143  141  142  147  154  160  164  166  166  163  158  152  148  146
  147  150  155  160  166  169  170  169  165  159  153  145  137  129  122  116
  110  104   99   95   92   91   93   95   97   97   95   92   90   91   94   99
  105  112  118  122  125  127  130  133  135
    37.5-180.0 180.0   5.0 450.0                            LAT/LON1/LON2/DLON/H
  142  139  136  133  134  138  143  148  152  156  158  159  158  157  157  157
  156  153  149  148  150  156  163  170  175  179  180  178  171  164  159  158
  159  163  168  173  178  181  181  178  172  166  158  150  142  134  127  121
  114  107  101   96   94   94   95   97   97   95   92   90   88   89   92   97
  103  110  118  124  129  133  138  142  142
    35.0-180.0 180.0   5.0 450.0                            LAT/LON1/LON2/DLON/H
  151  147  142  138  139  142  147  153  159  164  167  168  167  166  164  163
  162  159  156  155  158  165  173  180  187  192  195  193  187  180  176  175
  176  179  182  186  190  191  189  184  177  169  161  153  146  139  132  125
  117  108  101   96   93   94   96   97   96   93   89   86   86   87   90   95
  101  108  116  125  132  140  147  152  151
    32.5-180.0 180.0   5.0 450.0                            LAT/LON1/LON2/DLON/H
  162  157  151  147  146  149  154  160  166  172  176  178  178  176  173  171
  168  166  163  162  166  173  182  191  198  205  210  210  206  200  197  196
  197  197  198  199  200  198  193  185  176  168  160  154  148  142  135  128
  118  108  100   94   91   92   94   95   93   89   85   83   83   85   88   93
   99  106  115  125  136  147  156  162  162
    30.0-180.0 180.0   5.0 450.0                            LAT/LON1/LON2/DLON/H
  172  168  162  158  157  160  164  169  175  181  186  189  190  188  184  180
  176  173  171  170  174  182  192  202  211  219  225  228  227  224  222  221
  219  217  215  212  209  203  194  183  172  163  157  152  147  142  136  128
  117  107   97   90   86   87   91   92   89   85   82   80   81   83   87   91
   97  104  113  125  138  152  165  172  172
    27.5-180.0 180.0   5.0 450.0                            LAT/LON1/LON2/DLON/H
  181  178  173  169  169  171  176  180  185  190  196  201  203  203  199  193
  188  184  181  181  184  192  203  214  225  235  243  248  249  249  249  247
  243  237  230  223  215  205  191  177  165  156  151  147  143  138  132  124
  114  103   93   84   80   82   86   87   85   82   79   78   79   82   85   90
   95  102  112  125  139  156  170  179  181
    25.0-180.0 180.0   5.0 450.0                            LAT/LON1/LON2/DLON/H
  188  186  183  180  180  183  188  192  196  201  206  213  218  220  217  212
  206  201  197  195  197  205  217  230  242  254  264  271  274  276  276  273
  265  255  244  233  220  204  187  170  157  148  143  139  135  131  124  117
  108   98   88   79   74   76   80   83   81   78   76   75   77   80   84   88
   93  101  111  124  140  157  174  185  188
    22.5-180.0 180.0   5.0 450.0                            LAT/LON1/LON2/DLON/H
  193  192  190  189  190  195  200  205  209  212  218  226  235  241  241  237
  230  224  218  214  215  223  235  250  264  278  290  297  301  304  303  297
  285  270  256  240  223  203  183  164  149  140  134  130  125  121  115  108
  100   92   82   73   69   71   76   79   78   75   74   74   76   79   82   86
   91   99  110  123  140  158  175  188  193
    20.0-180.0 180.0   5.0 450.0                            LAT/LON1/LON2/DLON/H
  196  197  196  196  199  204  212  218  223  227  233  243  255  265  270  268
  262  253  246  240  239  246  259  275  292  307  319  326  329  330  328  318
  300  281  263  244  224  201  179  159  143  133  125  120  115  111  106  100
   93   85   76   69   65   68   73   76   75   74   72   72   75   78   80   83
   87   96  108  122  139  158  176  190  196
    17.5-180.0 180.0   5.0 450.0                            LAT/LON1/LON2/DLON/H
  200  202  202  203  207  214  224  234  241  245  251  262  277  291  300  302
  296  287  277  270  267  272  285  303  322  339  350  354  354  352  346  332
  309  285  265  244  222  199  177  156  139  126  117  111  106  102   98   93
   86   79   71   65   63   66   71   74   74   72   71   71   73   77   78   79
   83   93  106  121  138  158  178  192  200
    15.0-180.0 180.0   5.0 450.0                            LAT/LON1/LON2/DLON/H
  205  209  210  212  216  225  238  252  262  268  274  286  302  318  330  334
  330  320  310  301  297  300  313  332  351  367  377  378  373  367  357  337
  309  282  260  239  217  195  174  154  136  121  111  104  100   98   95   89
   82   74   66   62   62   66   70   73   72   71   70   70   72   75   76   75
   79   89  104  120  138  159  179  196  205
    12.5-180.0 180.0   5.0 450.0                            LAT/LON1/LON2/DLON/H
  212  218  221  224  230  240  255  273  286  293  299  312  329  346  358  363
  360  352  341  332  325  327  338  357  376  389  396  392  383  372  357  330
  298  270  249  229  209  190  171  152  133  117  105   99   97   97   95   89
   80   70   63   60   61   65   69   71   71   70   68   68   70   73   73   71
   75   86  102  119  138  160  182  200  212
    10.0-180.0 180.0   5.0 450.0                            LAT/LON1/LON2/DLON/H
  219  228  234  240  248  260  277  297  312  318  325  338  355  370  381  386
  384  377  368  359  350  349  360  377  392  401  402  395  382  367  346  315
  280  253  233  216  199  183  167  150  130  113  101   96   96   98   97   89
   79   68   60   58   61   64   67   69   69   68   66   66   68   70   69   68
   72   84  100  119  138  160  183  204  219
     7.5-180.0 180.0   5.0 450.0                            LAT/LON1/LON2/DLON/H
  224  238  247  257  270  286  304  324  337  343  348  360  374  387  395  400
  400  396  389  380  370  367  375  389  399  401  398  388  372  354  329  293
  257  232  215  202  187  174  162  146  126  108   97   94   96   99   98   90
   79   68   60   58   59   62   64   65   66   66   64   63   65   66   66   66
   70   82   99  118  138  160  184  206  224
     5.0-180.0 180.0   5.0 450.0                            LAT/LON1/LON2/DLON/H
  226  244  257  273  292  313  333  351  361  363  365  374  385  394  400  405
  407  406  402  394  383  379  386  396  400  395  386  374  358  338  309  270
  233  210  198  187  175  164  154  140  121  103   93   91   94   98   97   90
   80   69   61   58   58   59   60   62   63   63   62   61   61   63   63   64
   70   82   99  118  137  158  181  205  226
     2.5-180.0 180.0   5.0 450.0                            LAT/LON1/LON2/DLON/H
  223  243  262  283  310  336  359  376  381  377  374  377  384  388  392  397
  402  406  406  400  390  385  392  400  397  385  372  358  342  321  290  249
  211  191  182  173  162  153  144  132  114   97   88   86   89   93   93   88
   80   71   63   58   56   56   57   59   61   61   60   58   58   60   61   64
   70   82   98  117  136  154  175  199  223
