s001m/jplg1230.21i
     1.0            IONOSPHERE MAPS     GPS                 IONEX VERSION / TYPE
GIM V3.0            JPL - GNISD         06-may-2021 01:28   PGM / RUN BY / DATE 
JPL'S GLOBAL IONOSPHERE MAPS YEAR 2021 DAY 123              COMMENT             
Global Ionospheric Maps (GIM) are generated on an hourly    DESCRIPTION         
and daily basis at JPL using data from up to 100 GPS sites  DESCRIPTION         
of the IGS and others institutions.                         DESCRIPTION         
The vertical TEC is modeled in a solar-geomagnetic          DESCRIPTION         
reference frame using bi-cubic splines on a spherical grid. DESCRIPTION         
A Kalman filter is used to solve simultaneously for         DESCRIPTION         
instrumental biases and VTEC on the grid (as stochastic     DESCRIPTION         
parameters).                                                DESCRIPTION         
Contact Address:  gpsiono@cobra.jpl.nasa.gov .              DESCRIPTION         
  2021     5     3     0     0     0                        EPOCH OF FIRST MAP  
  2021     5     4     0     0     0                        EPOCH OF LAST MAP   
  7200                                                      INTERVAL            
    13                                                      # OF MAPS IN FILE   
  NONE                                                      MAPPING FUNCTION    
    10.0                                                    ELEVATION CUTOFF    
One-way carrier phase leveled to code                       OBSERVABLES USED    
   170                                                      # OF STATIONS       
    31                                                      # OF SATELLITES     
  6371.0                                                    BASE RADIUS         
     2                                                      MAP DIMENSION       
   450.0 450.0   0.0                                        HGT1 / HGT2 / DHGT  
    87.5 -87.5  -2.5                                        LAT1 / LAT2 / DLAT  
  -180.0 180.0   5.0                                        LON1 / LON2 / DLON  
    -1                                                      EXPONENT            
TEC/RMS values in 0.1 TECU; 9999, if no value available     COMMENT             
                                                            END OF HEADER       
[from data line 3432]
     9                                                      START OF TEC MAP    
  2021     5     3    16     0     0                        EPOCH OF CURRENT MAP
    87.5-180.0 180.0   5.0 450.0                            LAT/LON1/LON2/DLON/H
   88   88   89   89   89   90   90   90   90   90   90   90   90   90   90   90
   90   90   89   89   89   89   88   88   87   87   86   86   85   85   84   84
   83   83   82   82   81   81   81   80   80   80   79   79   79   79   79   79
   79   79   79   79   79   80   80   80   81   81   81   82   82   83   83   84
   84   85   85   86   86   87   87   88   88
    85.0-180.0 180.0   5.0 450.0                            LAT/LON1/LON2/DLON/H
   92   92   93   93   94   94   94   94   95   95   95   95   96   96   96   96
   95   95   95   95   94   94   93   92   91   90   90   89   88   87   86   85
   84   83   82   81   80   79   78   78   77   77   76   76   75   75   75   75
   75   75   75   75   76   76   76   77   78   78   79   80   81   82   83   84
   85   86   87   88   89   90   90   91   92
    82.5-180.0 180.0   5.0 450.0                            LAT/LON1/LON2/DLON/H
   93   94   94   95   95   96   96   97   97   98   98   98   99   99  100  100
  100  100  100   99   99   98   98   97   96   95   93   92   91   89   88   86
   85   84   82   81   80   79   78   77   76   76   75   75   74   74   73   73
   73   73   73   73   73   74   74   75   75   76   77   79   80   81   82   84
   85   87   88   89   90   91   92   93   93
    80.0-180.0 180.0   5.0 450.0                            LAT/LON1/LON2/DLON/H
   92   93   93   94   94   95   96   96   97   98   99  100  100  101  102  102
  103  103  103  103  103  102  102  101  100   99   97   96   94   92   91   89
   87   86   84   83   82   81   80   79   78   77   77   76   75   74   74   73
   73   72   72   72   72   72   72   73   73   74   75   76   77   79   80   82
   83   85   87   88   89   90   91   92   92
    77.5-180.0 180.0   5.0 450.0                            LAT/LON1/LON2/DLON/H
   88   89   90   90   91   92   93   94   95   96   98   99  101  102  103  104
  104  105  105  105  105  105  105  104  103  102  101   99   97   96   94   92
   91   89   88   87   86   85   84   83   82   81   80   79   78   77   76   76
   75   74   73   73   72   72   72   71   71   72   72   72   73   74   75   77
   78   80   82   83   85   86   87   88   88
    75.0-180.0 180.0   5.0 450.0                            LAT/LON1/LON2/DLON/H
   81   83   84   85   87   88   89   91   92   94   96   97   99  101  102  104
  104  105  106  106  106  106  106  106  105  104  103  102  100   98   97   96
   94   93   93   92   91   90   90   89   88   87   86   85   84   82   81   80
   78   77   76   75   74   73   72   71   70   69   68   67   67   67   68   69
   70   71   73   74   76   77   79   80   81
    72.5-180.0 180.0   5.0 450.0                            LAT/LON1/LON2/DLON/H
   72   75   77   80   82   84   85   87   89   91   93   95   97  100  101  103
  104  104  105  106  106  107  107  107  107  106  105  104  102  101  100   99
   98   98   98   97   97   96   96   95   94   93   92   91   90   89   87   85
   83   82   80   78   76   74   72   70   68   66   64   62   61   60   60   60
   60   61   62   63   64   66   68   70   72
    70.0-180.0 180.0   5.0 450.0                            LAT/LON1/LON2/DLON/H
   63   67   71   75   78   81   83   84   86   88   90   93   96   98  100  101
  102  103  104  105  106  107  107  107  107  107  107  106  104  103  102  102
  102  102  103  103  103  102  101  100   99   98   98   97   97   95   94   91
   89   87   85   82   80   77   74   71   68   64   61   58   56   54   52   51
   50   50   51   51   52   54   56   59   63
    67.5-180.0 180.0   5.0 450.0                            LAT/LON1/LON2/DLON/H
   55   61   67   73   77   80   82   83   84   86   88   91   94   97   99  100
  102  103  104  105  106  107  107  107  108  108  108  107  106  105  104  104
  105  106  107  107  107  106  105  103  102  102  102  103  102  102  100   98
   95   93   90   87   83   80   76   72   68   64   60   56   53   50   48   45
   44   43   42   42   42   44   46   50   55
    65.0-180.0 180.0   5.0 450.0                            LAT/LON1/LON2/DLON/H
   50   58   66   73   79   82   83   84   84   85   88   90   93   96   98  100
  101  103  104  106  107  107  107  107  108  108  109  109  108  107  106  106
  107  109  110  110  110  108  106  105  104  104  105  107  107  107  106  104
  102   99   95   92   88   83   79   74   69   65   61   57   54   50   48   45
   42   40   38   37   37   38   40   44   50
    62.5-180.0 180.0   5.0 450.0                            LAT/LON1/LON2/DLON/H
   50   59   68   76   82   86   86   86   85   86   88   90   93   96   98  100
  102  104  106  108  109  109  108  108  108  109  110  110  110  109  109  109
  110  111  112  112  111  109  107  105  105  106  108  110  112  112  111  109
  107  104  101   96   92   87   81   76   72   68   64   61   57   55   52   49
   46   43   40   38   37   37   39   43   50
    60.0-180.0 180.0   5.0 450.0                            LAT/LON1/LON2/DLON/H
   54   62   72   81   87   90   90   89   87   87   89   91   94   96   99  102
  104  106  108  110  110  110  109  109  109  110  111  113  113  113  112  112
  112  113  113  113  112  111  108  107  106  108  110  113  115  116  115  114
  112  109  105  101   96   90   84   79   75   71   68   66   63   61   59   56
   53   50   47   44   43   42   44   47   54
    57.5-180.0 180.0   5.0 450.0                            LAT/LON1/LON2/DLON/H
   60   68   77   86   92   95   95   93   91   90   90   92   95   98  101  104
  106  109  111  112  112  112  111  110  111  112  114  115  117  117  117  117
  116  115  115  115  114  113  111  110  110  112  115  118  120  120  119  118
  116  113  110  106  100   94   88   83   79   76   74   73   71   69   67   65
   63   59   56   54   52   51   52   54   60
    55.0-180.0 180.0   5.0 450.0                            LAT/LON1/LON2/DLON/H
   67   74   82   91   97  100  100   97   95   93   93   95   97  101  104  107
  110  112  113  114  114  113  112  112  113  115  117  119  121  123  123  122
  120  119  118  118  118  117  117  117  117  119  122  124  125  125  124  122
  120  118  114  110  104   97   91   87   84   82   81   80   79   78   76   74
   72   70   67   64   62   61   61   63   67
    52.5-180.0 180.0   5.0 450.0                            LAT/LON1/LON2/DLON/H
   75   79   87   95  101  105  105  102   99   97   97   98  100  104  107  110
  113  115  116  116  115  114  114  114  116  118  121  124  126  128  128  127
  125  123  122  122  123  124  125  126  127  129  131  132  132  131  130  127
  125  122  119  114  107  101   95   91   89   88   88   88   87   86   84   83
   81   79   77   74   72   71   71   72   75
    50.0-180.0 180.0   5.0 450.0                            LAT/LON1/LON2/DLON/H
   81   84   90   97  104  108  109  107  105  103  101  102  104  108  111  114
  116  118  118  118  117  116  116  118  120  122  125  128  131  133  134  132
  130  128  127  128  131  133  135  137  139  140  141  142  141  139  137  134
  131  128  123  118  111  105   99   96   94   94   94   94   94   93   91   91
   90   88   85   83   81   80   80   80   81
    47.5-180.0 180.0   5.0 450.0                            LAT/LON1/LON2/DLON/H
   87   87   91   97  104  109  112  112  110  108  107  107  109  112  115  117
  119  120  121  120  119  119  120  122  124  127  129  132  135  137  138  136
  134  133  133  136  140  144  147  150  151  152  153  152  151  149  146  143
  138  134  128  122  115  109  104  100   99   99  100  100  100   98   98   97
   97   96   93   90   88   87   88   87   87
    45.0-180.0 180.0   5.0 450.0                            LAT/LON1/LON2/DLON/H
   90   89   90   95  101  108  112  115  115  113  113  113  114  117  118  119
  121  122  123  123  123  123  125  127  130  132  134  136  138  139  140  140
  139  139  141  145  150  156  160  162  164  164  164  163  161  159  156  152
  146  140  134  127  120  114  109  105  103  103  103  104  104  103  103  103
  104  103  100   96   94   93   93   93   90
    42.5-180.0 180.0   5.0 450.0                            LAT/LON1/LON2/DLON/H
   92   88   87   90   96  103  110  115  118  118  118  119  120  121  122  122
  122  124  126  127  128  130  132  134  136  137  138  139  140  142  143  144
  145  147  151  157  163  168  172  174  175  175  175  174  172  170  166  161
  154  147  139  132  126  120  114  110  107  105  105  106  106  106  107  109
  110  110  107  102   98   97   98   96   92
    40.0-180.0 180.0   5.0 450.0                            LAT/LON1/LON2/DLON/H
   92   87   83   84   88   96  106  114  119  122  124  125  127  127  126  124
  124  126  129  131  134  137  140  142  143  143  143  143  144  146  148  151
  154  159  164  171  178  182  185  186  186  186  185  184  182  180  176  170
  162  153  145  138  132  126  120  114  109  106  104  105  106  108  111  114
  116  116  113  107  102  100   99   97   92
    37.5-180.0 180.0   5.0 450.0                            LAT/LON1/LON2/DLON/H
   91   84   79   78   81   89  101  112  120  125  129  132  134  134  131  128
  126  128  132  136  140  144  147  149  150  149  148  149  151  154  158  162
  168  175  182  189  194  198  198  198  197  195  194  193  191  189  185  178
  169  159  150  143  136  130  124  117  110  105  102  103  106  109  113  117
  121  121  117  110  104  100   99   96   91
    35.0-180.0 180.0   5.0 450.0                            LAT/LON1/LON2/DLON/H
   88   82   77   74   76   84   96  109  120  128  135  140  142  142  138  134
  131  132  136  141  145  149  152  154  155  155  156  158  162  167  174  180
  188  195  202  208  212  214  213  210  208  204  202  200  199  197  193  185
  174  163  152  145  139  132  125  118  109  102   99  100  104  109  114  119
  123  124  120  112  104   99   96   93   88
    32.5-180.0 180.0   5.0 450.0                            LAT/LON1/LON2/DLON/H
   85   81   76   73   75   82   94  107  120  130  139  147  151  151  147  141
  137  137  140  144  148  151  154  156  159  161  164  170  178  187  195  203
  211  218  224  228  230  230  227  223  219  213  209  207  207  205  199  190
  177  164  152  143  136  130  123  115  106   98   95   97  102  108  114  119
  122  123  119  110  101   95   92   89   85
    30.0-180.0 180.0   5.0 450.0                            LAT/LON1/LON2/DLON/H
   82   79   76   75   76   82   93  106  119  132  143  153  158  159  156  150
  144  142  144  147  149  151  153  156  161  167  174  185  198  210  220  229
  236  241  244  246  247  246  242  237  230  222  216  214  213  211  204  193
  178  162  147  136  129  123  116  109  100   93   91   93   99  106  112  116
  118  118  114  106   97   90   86   84   82
    27.5-180.0 180.0   5.0 450.0                            LAT/LON1/LON2/DLON/H
   79   78   77   77   79   85   94  106  119  133  146  157  165  167  164  157
  150  147  148  149  149  149  151  156  164  174  187  203  221  236  247  255
  259  261  261  261  261  260  257  250  241  231  223  221  220  217  208  194
  176  156  139  126  118  112  107  101   94   88   87   90   97  103  108  111
  112  110  107  100   91   84   80   79   79
    25.0-180.0 180.0   5.0 450.0                            LAT/LON1/LON2/DLON/H
   76   76   77   79   82   88   96  107  119  133  147  159  168  171  169  163
  156  152  151  151  149  148  151  158  170  184  202  223  244  262  273  279
  280  278  274  272  272  273  270  263  253  241  232  229  227  222  210  193
  172  150  130  115  107  102   98   94   89   84   83   87   94   99  103  105
  103  101   98   92   85   78   75   75   76
    22.5-180.0 180.0   5.0 450.0                            LAT/LON1/LON2/DLON/H
   73   74   76   79   84   90   98  108  120  134  148  160  169  173  172  166
  160  156  154  153  151  151  155  165  180  199  221  245  269  287  297  300
  296  290  284  281  281  283  282  275  263  250  241  237  235  227  212  192
  168  143  121  106   97   93   90   88   85   82   82   86   91   95   98   97
   95   91   89   85   79   73   70   71   73
    20.0-180.0 180.0   5.0 450.0                            LAT/LON1/LON2/DLON/H
   70   71   72   77   84   92  101  111  123  136  149  161  170  173  172  167
  162  159  157  156  156  158  166  179  197  219  243  268  292  309  317  316
  309  299  291  288  289  293  292  284  272  259  250  246  241  230  212  189
  164  138  116  100   92   89   87   86   84   82   82   85   88   90   91   90
   87   83   81   78   73   69   67   68   70
    17.5-180.0 180.0   5.0 450.0                            LAT/LON1/LON2/DLON/H
   67   67   68   74   83   93  104  116  127  140  151  162  170  173  172  169
  166  164  162  162  164  170  181  198  219  242  266  290  312  326  332  328
  317  305  297  294  297  301  300  292  279  266  257  252  246  231  210  186
  160  135  114  100   92   88   87   86   85   84   84   85   85   86   85   83
   80   77   75   73   70   66   64   66   67
    15.0-180.0 180.0   5.0 450.0                            LAT/LON1/LON2/DLON/H
   64   63   64   70   80   93  107  120  134  146  156  165  171  174  174  172
  171  171  171  171  175  185  200  220  242  265  288  309  327  338  340  333
  320  308  302  301  304  307  304  295  282  269  261  255  246  229  207  182
  157  134  115  102   94   91   89   88   87   87   86   85   83   81   79   77
   75   73   72   70   68   65   64   64   64
    12.5-180.0 180.0   5.0 450.0                            LAT/LON1/LON2/DLON/H
   61   59   60   65   77   91  108  124  140  153  162  169  175  178  179  180
  181  183  183  185  191  203  220  242  264  285  304  322  336  343  341  332
  318  308  305  306  309  310  306  295  282  269  260  253  242  224  201  177
  154  133  116  105   97   93   91   90   90   90   88   85   81   77   74   73
   72   71   70   69   68   66   64   63   61
    10.0-180.0 180.0   5.0 450.0                            LAT/LON1/LON2/DLON/H
   59   57   56   61   72   87  106  126  145  159  168  174  180  183  187  191
  196  200  202  204  210  222  240  262  283  300  314  327  336  339  335  325
  312  304  304  308  310  308  302  290  277  264  255  246  233  215  193  171
  150  131  117  106   99   95   92   91   91   91   89   84   79   74   71   70
   71   71   71   70   69   67   64   61   59
     7.5-180.0 180.0   5.0 450.0                            LAT/LON1/LON2/DLON/H
   57   55   54   57   65   80  100  124  146  162  173  180  185  191  197  205
  213  220  224  226  232  243  258  278  296  308  317  325  331  331  325  314
  302  296  299  303  304  300  292  280  267  255  245  235  221  204  184  164
  145  128  115  105   98   93   91   90   91   91   89   83   77   72   69   69
   71   72   73   72   71   69   65   60   57
     5.0-180.0 180.0   5.0 450.0                            LAT/LON1/LON2/DLON/H
   56   54   52   53   59   72   92  117  142  162  175  184  191  199  209  220
  231  240  246  249  253  261  274  291  306  313  316  320  322  320  312  301
  290  286  288  292  291  285  276  265  253  242  232  220  207  191  173  155
  138  123  110  101   94   89   87   88   89   90   87   81   75   70   68   69
   72   75   76   75   73   69   64   59   56
     2.5-180.0 180.0   5.0 450.0                            LAT/LON1/LON2/DLON/H
   56   54   52   51   54   65   83  109  136  159  175  187  197  207  220  234
  247  258  264  268  271  276  287  301  313  316  315  314  314  309  300  288
  278  273  273  274  271  265  257  247  236  226  215  204  191  177  161  145
  129  115  104   94   87   83   82   85   86   86   84   78   73   70   69   70
   74   78   80   78   74   70   64   59   56
