s001m/jplg1230.21i
     1.0            IONOSPHERE MAPS     GPS                 IONEX VERSION / TYPE
GIM V3.0            JPL - GNISD         06-may-2021 01:28   PGM / RUN BY / DATE 
JPL'S GLOBAL IONOSPHERE MAPS YEAR 2021 DAY 123              COMMENT             
Global Ionospheric Maps (GIM) are generated on an hourly    DESCRIPTION         
and daily basis at JPL using data from up to 100 GPS sites  DESCRIPTION         
of the IGS and others institutions.                         DESCRIPTION         
The vertical TEC is modeled in a solar-geomagnetic          DESCRIPTION         
reference frame using bi-cubic splines on a spherical grid. DESCRIPTION         
A Kalman filter is used to solve simultaneously for         DESCRIPTION         
instrumental biases and VTEC on the grid (as stochastic     DESCRIPTION         
parameters).                                                DESCRIPTION         
Contact Address:  gpsiono@cobra.jpl.nasa.gov .              DESCRIPTION         
  2021     5     3     0     0     0                        EPOCH OF FIRST MAP  
  2021     5     4     0     0     0                        EPOCH OF LAST MAP   
  7200                                                      INTERVAL            
    13                                                      # OF MAPS IN FILE   
  NONE                                                      MAPPING FUNCTION    
    10.0                                                    ELEVATION CUTOFF    
One-way carrier phase leveled to code                       OBSERVABLES USED    
   170                                                      # OF STATIONS       
    31                                                      # OF SATELLITES     
  6371.0                                                    BASE RADIUS         
     2                                                      MAP DIMENSION       
   450.0 450.0   0.0                                        HGT1 / HGT2 / DHGT  
    87.5 -87.5  -2.5                                        LAT1 / LAT2 / DLAT  
  -180.0 180.0   5.0                                        LON1 / LON2 / DLON  
    -1                                                      EXPONENT            
TEC/RMS values in 0.1 TECU; 9999, if no value available     COMMENT             
                                                            END OF HEADER       
[from data line 5148]
    13                                                      START OF TEC MAP    
  2021     5     4     0     0     0                        EPOCH OF CURRENT MAP
    87.5-180.0 180.0   5.0 450.0                            LAT/LON1/LON2/DLON/H
   90   91   91   91   91   91   92   92   92   92   91   91   91   91   91   90
   90   89   89   88   88   87   87   86   86   85   85   84   84   83   83   82
   82   82   81   81   81   81   80   80   80   80   80   80   80   80   81   81
   81   81   82   82   82   82   83   83   84   84   84   85   85   86   86   86
   87   87   88   88   89   89   89   90   90
    85.0-180.0 180.0   5.0 450.0                            LAT/LON1/LON2/DLON/H
   95   95   96   97   97   98   98   98   98   98   98   98   98   97   97   96
   95   94   93   92   91   89   88   87   86   85   83   82   81   80   79   79
   78   77   77   76   76   76   75   75   75   75   76   76   76   76   77   77
   78   78   79   79   80   80   81   81   82   82   83   84   84   85   86   87
   88   88   89   90   91   92   93   94   95
    82.5-180.0 180.0   5.0 450.0                            LAT/LON1/LON2/DLON/H
   98   99  101  102  103  104  104  105  105  105  105  105  105  104  103  102
  100   99   97   95   93   91   89   87   85   84   82   80   79   77   76   75
   74   73   73   72   72   71   71   71   71   71   72   72   73   73   74   74
   75   76   76   77   78   78   79   79   80   81   82   82   83   84   85   86
   87   88   90   91   92   94   95   97   98
    80.0-180.0 180.0   5.0 450.0                            LAT/LON1/LON2/DLON/H
  100  102  104  105  106  108  109  110  111  111  111  111  111  110  109  107
  105  103  101   98   95   92   90   87   84   82   80   78   76   74   73   71
   70   70   69   68   68   68   68   68   68   68   69   69   70   70   71   72
   73   74   74   75   76   77   77   78   78   79   80   80   81   82   83   84
   86   87   89   91   93   95   97   98  100
    77.5-180.0 180.0   5.0 450.0                            LAT/LON1/LON2/DLON/H
  101  103  105  106  108  110  111  113  114  115  115  116  116  115  114  112
  110  107  104  100   97   93   89   86   83   80   77   75   72   71   69   68
   67   66   66   65   65   65   65   65   65   65   66   66   67   68   69   70
   71   72   73   74   75   75   76   76   76   76   77   77   78   79   80   82
   84   85   88   90   92   94   96   99  101
    75.0-180.0 180.0   5.0 450.0                            LAT/LON1/LON2/DLON/H
   99  102  104  106  108  109  111  113  115  116  117  118  118  118  117  115
  113  109  106  102   97   93   88   84   81   77   74   72   69   67   66   64
   64   63   63   63   63   63   63   63   62   62   63   63   64   65   66   68
   69   71   72   73   73   74   74   74   74   74   74   74   75   76   77   78
   80   83   85   87   90   92   95   97   99
    72.5-180.0 180.0   5.0 450.0                            LAT/LON1/LON2/DLON/H
   97   99  101  103  105  107  109  111  113  115  117  118  119  119  119  117
  114  111  107  103   98   93   88   83   79   76   73   70   68   65   64   62
   61   61   60   60   60   60   60   60   59   59   58   58   59   61   62   65
   67   69   71   72   73   73   73   72   72   71   71   71   72   72   73   75
   77   79   82   85   87   90   92   94   97
    70.0-180.0 180.0   5.0 450.0                            LAT/LON1/LON2/DLON/H
   93   96   98  100  103  105  107  109  111  113  115  117  118  118  118  117
  115  112  108  103   98   93   88   83   79   76   73   70   68   66   64   62
   60   59   59   58   58   57   57   56   54   53   52   52   53   55   58   61
   65   68   70   72   72   72   72   71   70   70   69   69   70   70   71   73
   75   77   79   82   84   87   89   91   93
    67.5-180.0 180.0   5.0 450.0                            LAT/LON1/LON2/DLON/H
   90   92   95   97  100  102  104  106  108  110  112  114  115  116  116  115
  114  112  109  105  100   94   89   85   81   78   76   74   72   69   67   64
   62   59   58   56   55   54   52   50   48   47   46   46   47   50   53   58
   62   67   70   72   73   73   72   71   70   70   69   69   70   70   71   72
   74   76   78   80   82   84   86   88   90
    65.0-180.0 180.0   5.0 450.0                            LAT/LON1/LON2/DLON/H
   88   90   93   96   98  100  102  104  106  108  109  110  112  113  113  113
  113  112  110  107  102   98   93   89   86   84   82   80   77   75   72   68
   64   61   58   55   53   50   47   45   42   40   39   40   41   45   50   55
   61   67   71   74   75   75   74   73   72   71   72   72   72   73   73   74
   75   77   79   80   82   83   84   86   88
    62.5-180.0 180.0   5.0 450.0                            LAT/LON1/LON2/DLON/H
   88   90   93   96   98  100  102  104  105  106  107  108  109  110  111  112
  113  113  112  110  107  103   99   96   93   91   90   88   85   82   78   73
   68   63   58   54   50   47   43   40   37   36   35   36   39   43   49   55
   61   68   73   77   78   78   77   76   75   75   76   77   77   78   78   79
   79   80   81   82   83   84   85   86   88
    60.0-180.0 180.0   5.0 450.0                            LAT/LON1/LON2/DLON/H
   90   93   95   98  100  102  103  104  105  106  106  106  107  108  110  112
  113  115  115  114  112  109  106  103  101  100   98   96   93   89   83   78
   71   65   59   54   49   45   41   38   36   35   36   38   41   45   51   57
   64   70   76   80   82   82   81   80   79   80   81   83   84   85   85   85
   85   85   86   86   87   87   87   88   90
    57.5-180.0 180.0   5.0 450.0                            LAT/LON1/LON2/DLON/H
   95   97  100  102  104  105  106  106  106  106  106  106  107  108  110  113
  115  117  119  119  119  117  114  111  110  108  107  104  100   94   88   81
   74   67   60   55   50   46   43   41   40   41   42   44   48   52   56   62
   68   74   80   84   87   87   87   86   85   86   88   91   92   93   93   92
   92   92   92   92   92   92   92   93   95
    55.0-180.0 180.0   5.0 450.0                            LAT/LON1/LON2/DLON/H
  102  105  107  109  110  110  110  109  109  108  107  107  108  110  112  115
  118  121  124  125  126  125  122  119  117  116  114  111  105   99   91   84
   76   69   63   58   54   51   50   49   50   51   53   55   58   61   64   68
   73   78   83   88   92   93   93   92   93   94   96   99  101  101  101  101
  100  100  100  100   99   99   99  100  102
    52.5-180.0 180.0   5.0 450.0                            LAT/LON1/LON2/DLON/H
  110  114  116  117  117  116  115  113  112  111  110  110  111  113  116  119
  122  126  129  132  134  133  130  126  124  122  120  116  110  102   94   86
   79   72   66   62   60   60   60   62   63   65   67   69   70   72   73   75
   78   82   87   92   96   99   99  100  101  102  105  107  109  110  110  109
  109  109  109  108  108  107  107  108  110
    50.0-180.0 180.0   5.0 450.0                            LAT/LON1/LON2/DLON/H
  120  124  126  127  125  122  120  118  116  115  114  114  115  117  119  123
  126  131  135  140  142  142  138  133  130  128  125  120  113  105   97   89
   82   76   72   69   69   71   73   76   78   81   82   83   83   82   82   82
   83   86   90   95  100  104  106  108  109  111  113  115  117  118  119  119
  118  118  118  117  117  116  116  118  120
    47.5-180.0 180.0   5.0 450.0                            LAT/LON1/LON2/DLON/H
  132  135  137  136  132  128  125  123  121  120  119  120  120  121  124  127
  131  137  142  147  151  150  146  141  137  133  129  124  117  109  101   93
   86   81   78   77   79   82   85   89   92   94   95   95   94   92   89   87
   87   89   93   98  104  109  113  115  117  118  120  122  124  126  127  127
  128  128  128  127  127  126  126  128  132
    45.0-180.0 180.0   5.0 450.0                            LAT/LON1/LON2/DLON/H
  143  147  148  145  139  134  130  128  127  126  126  126  126  127  128  132
  137  143  149  155  159  159  156  150  145  140  134  127  119  112  105   97
   91   86   85   85   88   92   96   99  102  104  105  105  103   99   95   92
   90   91   94  100  107  113  118  121  123  124  125  127  130  132  134  136
  137  137  138  138  137  137  138  140  143
    42.5-180.0 180.0   5.0 450.0                            LAT/LON1/LON2/DLON/H
  156  159  159  154  146  139  134  133  133  133  134  135  134  133  134  137
  143  150  157  163  168  169  166  160  154  147  139  130  122  115  109  102
   96   92   91   93   96   99  102  104  107  109  111  111  109  105  100   96
   93   92   95  101  109  116  122  125  127  127  128  130  134  137  140  143
  145  147  148  148  148  149  150  152  156
    40.0-180.0 180.0   5.0 450.0                            LAT/LON1/LON2/DLON/H
  170  172  171  164  154  145  140  138  140  142  144  144  143  141  141  144
  150  157  165  171  176  178  176  171  164  155  144  132  123  117  112  105
  100   96   96   99  102  103  104  105  108  111  114  115  113  109  103   98
   94   93   95  102  110  118  125  128  129  128  128  131  136  141  145  149
  152  155  157  159  160  162  163  166  170
    37.5-180.0 180.0   5.0 450.0                            LAT/LON1/LON2/DLON/H
  183  185  184  176  166  157  150  148  150  153  156  156  154  151  150  153
  159  166  174  180  185  187  185  180  172  162  148  134  124  118  113  107
  101   99  100  103  106  105  103  103  106  111  115  116  115  111  105   99
   94   92   94  100  109  118  126  130  129  127  127  131  137  143  149  154
  158  162  166  169  172  175  178  180  183
    35.0-180.0 180.0   5.0 450.0                            LAT/LON1/LON2/DLON/H
  197  199  198  193  184  175  168  164  164  168  171  170  168  164  163  165
  170  176  183  190  194  196  193  187  177  165  149  134  123  116  111  105
  101  100  102  106  108  105  101  100  104  109  114  116  115  111  105   98
   93   90   91   97  106  117  125  129  129  126  126  130  137  144  151  157
  163  168  173  179  183  188  192  195  197
    32.5-180.0 180.0   5.0 450.0                            LAT/LON1/LON2/DLON/H
  212  215  217  216  212  204  196  189  186  187  188  187  184  180  178  179
  182  188  195  200  204  204  199  189  177  164  148  132  120  112  106  101
   98   99  102  107  108  104   98   97  101  108  113  115  114  109  103   96
   90   86   86   92  101  113  122  127  127  124  124  128  136  144  151  158
  165  171  179  186  193  200  206  210  212
    30.0-180.0 180.0   5.0 450.0                            LAT/LON1/LON2/DLON/H
  228  233  240  246  248  245  236  225  216  212  210  207  202  198  195  195
  197  202  207  212  214  211  201  187  172  158  144  129  116  107  101   96
   94   96  101  105  106  101   95   95   99  106  111  113  110  106  100   93
   87   81   80   84   94  107  118  124  125  123  123  127  135  143  150  157
  164  172  181  191  201  211  219  225  228
    27.5-180.0 180.0   5.0 450.0                            LAT/LON1/LON2/DLON/H
  246  255  267  281  290  292  285  269  253  243  236  230  223  218  214  212
  213  217  222  225  224  216  201  182  163  150  137  124  112  102   95   91
   90   93   98  102  102   97   92   92   98  104  108  109  106  101   96   89
   82   75   71   74   84   99  113  120  122  122  122  127  134  142  149  156
  163  172  182  194  207  219  230  239  246
    25.0-180.0 180.0   5.0 450.0                            LAT/LON1/LON2/DLON/H
  267  282  300  319  335  343  337  319  296  279  266  255  246  239  234  231
  231  234  238  238  233  220  200  175  153  140  130  119  108   98   91   87
   86   89   94   97   97   92   89   91   96  101  104  104  101   96   91   84
   76   67   62   64   74   91  107  116  120  122  123  128  135  143  149  155
  163  172  183  197  211  225  239  253  267
    22.5-180.0 180.0   5.0 450.0                            LAT/LON1/LON2/DLON/H
  290  312  335  359  380  393  390  370  342  317  298  283  271  261  254  251
  252  254  256  253  242  223  197  168  144  130  122  113  104   96   89   85
   84   86   90   93   92   89   87   89   93   97   98   97   94   90   86   79
   70   61   54   55   65   83  101  113  119  123  126  132  139  146  151  157
  165  175  187  202  217  231  248  268  290
    20.0-180.0 180.0   5.0 450.0                            LAT/LON1/LON2/DLON/H
  313  342  369  396  420  437  438  419  389  359  334  314  298  286  277  272
  274  276  275  267  250  225  194  162  136  122  115  108  101   95   89   85
   83   84   86   89   90   88   87   89   91   92   91   89   87   84   80   73
   64   55   48   48   58   77   96  110  119  126  132  138  145  151  157  163
  172  182  196  211  225  239  257  282  313
    17.5-180.0 180.0   5.0 450.0                            LAT/LON1/LON2/DLON/H
  331  366  396  425  452  473  480  466  435  402  372  348  329  313  302  296
  297  299  294  280  256  225  190  157  131  117  110  105  100   95   90   86
   83   82   84   88   90   90   90   90   89   87   84   81   80   77   74   68
   60   51   45   44   53   72   92  108  120  130  139  147  153  159  165  172
  182  195  210  225  238  250  267  295  331
    15.0-180.0 180.0   5.0 450.0                            LAT/LON1/LON2/DLON/H
  342  379  412  443  473  498  511  504  478  444  413  386  364  345  330  321
  320  319  310  290  261  225  187  154  129  114  107  103  101   98   93   88
   83   81   83   89   93   94   94   91   87   82   77   74   73   71   68   62
   55   49   43   42   50   68   89  106  121  134  146  155  162  167  173  182
  195  210  227  242  254  263  277  304  342
    12.5-180.0 180.0   5.0 450.0                            LAT/LON1/LON2/DLON/H
  342  378  412  446  479  508  529  531  512  481  450  425  402  381  362  348
  342  336  322  298  265  225  185  153  129  114  107  104  104  102   97   90
   84   80   83   91   97   99   98   93   86   79   72   69   67   65   62   57
   52   47   42   41   48   65   86  104  121  137  151  163  170  175  182  192
  207  225  243  259  270  276  286  309  342
    10.0-180.0 180.0   5.0 450.0                            LAT/LON1/LON2/DLON/H
  335  366  398  433  469  503  529  540  529  505  480  458  437  415  394  374
  361  348  328  301  266  225  185  154  132  118  111  109  109  108  102   93
   84   80   83   92   99  102  100   94   86   77   69   65   63   61   57   52
   48   45   42   40   47   63   83  102  120  138  155  167  176  182  188  199
  216  236  257  273  284  288  294  310  335
     7.5-180.0 180.0   5.0 450.0                            LAT/LON1/LON2/DLON/H
  327  350  378  411  448  482  509  526  526  511  494  479  462  442  419  395
  374  354  329  300  266  226  187  157  137  124  117  115  116  114  107   95
   85   79   82   91   99  101  100   93   85   76   68   62   60   57   53   49
   46   44   41   39   45   60   80   99  118  137  155  169  179  186  192  203
  220  242  264  282  293  297  300  309  327
     5.0-180.0 180.0   5.0 450.0                            LAT/LON1/LON2/DLON/H
  321  339  362  392  424  452  475  491  498  495  489  482  471  454  432  406
  379  352  324  296  264  227  190  161  143  132  124  121  121  119  109   96
   84   77   79   87   94   97   96   91   84   75   67   61   58   55   50   47
   44   42   39   38   44   58   77   96  116  135  153  168  179  187  193  203
  220  242  264  283  296  302  305  310  321
     2.5-180.0 180.0   5.0 450.0                            LAT/LON1/LON2/DLON/H
  325  341  360  383  407  424  435  445  455  459  462  462  457  445  426  401
  373  344  315  289  261  228  193  166  150  139  131  125  123  119  109   94
   82   75   75   80   86   89   89   87   81   74   66   60   56   53   49   46
   43   40   37   37   42   56   74   93  113  132  149  164  176  185  191  200
  216  236  258  278  293  303  309  315  325
