s001m/jplg1230.21i
     1.0            IONOSPHERE MAPS     GPS                 IONEX VERSION / TYPE
GIM V3.0            JPL - GNISD         06-may-2021 01:28   PGM / RUN BY / DATE 
JPL'S GLOBAL IONOSPHERE MAPS YEAR 2021 DAY 123              COMMENT             
Global Ionospheric Maps (GIM) are generated on an hourly    DESCRIPTION         
and daily basis at JPL using data from up to 100 GPS sites  DESCRIPTION         
of the IGS and others institutions.                         DESCRIPTION         
The vertical TEC is modeled in a solar-geomagnetic          DESCRIPTION         
reference frame using bi-cubic splines on a spherical grid. DESCRIPTION         
A Kalman filter is used to solve simultaneously for         DESCRIPTION         
instrumental biases and VTEC on the grid (as stochastic     DESCRIPTION         
parameters).                                                DESCRIPTION         
Contact Address:  gpsiono@cobra.jpl.nasa.gov .              DESCRIPTION         
  2021     5     3     0     0     0                        EPOCH OF FIRST MAP  
  2021     5     4     0     0     0                        EPOCH OF LAST MAP   
  7200                                                      INTERVAL            
    13                                                      # OF MAPS IN FILE   
  NONE                                                      MAPPING FUNCTION    
    10.0                                                    ELEVATION CUTOFF    
One-way carrier phase leveled to code                       OBSERVABLES USED    
   170                                                      # OF STATIONS       
    31                                                      # OF SATELLITES     
  6371.0                                                    BASE RADIUS         
     2                                                      MAP DIMENSION       
   450.0 450.0   0.0                                        HGT1 / HGT2 / DHGT  
    87.5 -87.5  -2.5                                        LAT1 / LAT2 / DLAT  
  -180.0 180.0   5.0                                        LON1 / LON2 / DLON  
    -1                                                      EXPONENT            
TEC/RMS values in 0.1 TECU; 9999, if no value available     COMMENT             
                                                            END OF HEADER       
[from data line 3003]
     8                                                      START OF TEC MAP    
  2021     5     3    14     0     0                        EPOCH OF CURRENT MAP
    87.5-180.0 180.0   5.0 450.0                            LAT/LON1/LON2/DLON/H
   83   83   84   84   84   85   85   85   86   86   86   86   87   87   87   87
   87   87   87   87   87   87   87   87   87   87   87   87   87   86   86   86
   86   86   85   85   85   85   84   84   84   83   83   83   82   82   82   81
   81   81   80   80   80   79   79   79   79   79   79   79   79   79   79   80
   80   80   81   81   81   82   82   82   83
    85.0-180.0 180.0   5.0 450.0                            LAT/LON1/LON2/DLON/H
   84   84   85   86   86   87   87   88   88   89   89   90   90   90   91   91
   91   91   91   91   91   91   91   91   91   91   91   90   90   90   89   89
   89   88   88   88   87   87   87   86   86   86   85   85   84   83   83   82
   81   80   79   79   78   77   77   76   76   75   75   75   75   76   76   77
   77   78   79   79   80   81   82   83   84
    82.5-180.0 180.0   5.0 450.0                            LAT/LON1/LON2/DLON/H
   84   85   86   87   87   88   89   89   90   90   91   91   92   92   93   93
   94   94   94   94   95   95   95   94   94   94   94   93   93   92   92   91
   91   91   90   90   90   89   89   89   89   88   88   88   87   86   86   85
   83   82   81   79   78   77   76   74   73   73   72   72   72   73   73   74
   75   76   77   78   79   81   82   83   84
    80.0-180.0 180.0   5.0 450.0                            LAT/LON1/LON2/DLON/H
   83   84   85   86   87   88   88   89   90   90   91   92   92   93   94   94
   95   96   96   97   97   97   97   97   97   97   96   96   95   95   94   93
   93   92   92   92   91   91   91   91   91   91   91   91   91   90   90   89
   87   86   84   82   80   78   76   75   73   72   71   70   70   70   70   71
   72   73   75   76   77   79   80   82   83
    77.5-180.0 180.0   5.0 450.0                            LAT/LON1/LON2/DLON/H
   80   81   83   84   85   86   86   87   88   89   89   90   91   92   93   94
   95   96   97   97   98   98   98   99   99   98   98   98   97   97   96   96
   95   95   94   94   94   94   94   94   94   95   95   95   95   95   94   93
   92   90   88   86   84   82   79   77   74   72   71   69   69   68   68   68
   69   69   71   72   74   75   77   78   80
    75.0-180.0 180.0   5.0 450.0                            LAT/LON1/LON2/DLON/H
   75   77   78   80   81   82   83   84   84   85   87   88   89   91   92   93
   94   95   96   97   98   98   99   99  100  100   99   99   99   99   98   98
   98   98   98   98   98   97   97   97   98   98   98   98   99   98   98   98
   97   95   94   91   89   86   84   81   78   75   72   70   68   66   65   64
   64   64   65   66   67   68   70   72   75
    72.5-180.0 180.0   5.0 450.0                            LAT/LON1/LON2/DLON/H
   67   70   73   75   76   78   78   79   80   81   83   85   87   89   90   92
   93   94   95   96   97   98   98   99  100  100  100  100  100  100  100  100
  101  101  101  102  102  101  101  101  101  101  101  101  102  102  102  102
  101  100   99   97   95   92   89   86   82   79   75   72   69   66   63   61
   59   58   57   57   58   59   62   64   67
    70.0-180.0 180.0   5.0 450.0                            LAT/LON1/LON2/DLON/H
   59   63   66   69   71   72   73   74   75   77   79   82   84   87   89   90
   91   92   93   94   95   97   98   99  100  100  100  100  100  100  101  102
  103  104  104  105  105  105  105  104  104  104  104  104  104  104  105  105
  105  104  103  102  100   98   95   91   88   84   80   75   71   67   62   58
   55   52   50   49   49   50   52   55   59
    67.5-180.0 180.0   5.0 450.0                            LAT/LON1/LON2/DLON/H
   52   56   60   63   65   66   68   69   71   73   76   79   82   85   87   88
   89   90   92   93   94   96   97   99  100  100  100  100  100  101  101  102
  104  105  106  107  108  107  107  106  106  106  106  106  106  107  107  107
  108  108  107  106  105  103  100   97   93   89   85   80   75   69   64   58
   53   48   44   42   41   41   44   48   52
    65.0-180.0 180.0   5.0 450.0                            LAT/LON1/LON2/DLON/H
   47   52   56   58   60   61   62   64   67   70   73   77   80   83   85   87
   88   89   90   92   93   95   98   99  101  101  100  100  100  101  102  103
  105  106  107  108  108  108  107  107  107  107  107  108  108  109  109  110
  110  110  110  109  108  107  104  102   98   95   91   86   80   74   68   61
   54   48   42   38   36   36   39   42   47
    62.5-180.0 180.0   5.0 450.0                            LAT/LON1/LON2/DLON/H
   45   50   53   55   56   57   58   60   64   67   71   75   78   81   84   85
   87   88   90   91   93   96   98  100  102  102  101  101  101  101  103  104
  105  107  108  108  108  108  107  107  108  108  109  110  111  111  112  112
  112  112  112  112  111  109  108  106  103  100   97   92   87   81   74   67
   59   52   45   40   37   37   38   41   45
    60.0-180.0 180.0   5.0 450.0                            LAT/LON1/LON2/DLON/H
   48   51   54   54   55   55   56   58   62   66   70   74   77   80   82   85
   86   88   90   92   94   96   99  102  103  103  102  102  102  103  104  106
  107  107  108  107  107  107  108  108  110  111  112  113  114  115  115  115
  115  115  114  113  113  111  110  109  107  105  102   99   94   89   82   74
   66   58   51   46   43   42   42   45   48
    57.5-180.0 180.0   5.0 450.0                            LAT/LON1/LON2/DLON/H
   54   56   57   57   56   55   56   58   61   65   69   73   76   79   82   84
   87   89   91   93   95   98  100  103  104  104  104  104  104  106  107  108
  109  109  108  108  108  108  109  111  114  116  117  118  119  119  119  119
  118  117  117  116  114  113  112  111  110  109  107  105  101   96   90   82
   75   67   60   55   51   50   50   52   54
    55.0-180.0 180.0   5.0 450.0                            LAT/LON1/LON2/DLON/H
   62   63   63   61   60   58   58   59   62   66   69   73   76   79   82   85
   88   91   93   95   97   99  102  104  105  106  106  107  108  110  111  112
  112  111  110  109  110  111  114  118  121  123  125  125  125  124  124  123
  122  121  120  119  117  115  114  113  112  112  111  109  107  102   96   90
   83   76   70   66   62   60   60   61   62
    52.5-180.0 180.0   5.0 450.0                            LAT/LON1/LON2/DLON/H
   71   71   69   67   65   63   62   63   65   68   71   73   76   79   83   86
   90   93   96   98  100  101  103  105  107  108  109  110  112  114  115  116
  116  114  113  113  114  118  122  127  131  133  134  133  132  131  130  129
  128  126  125  123  120  118  116  114  114  113  113  113  111  107  101   96
   90   86   81   77   74   71   70   70   71
    50.0-180.0 180.0   5.0 450.0                            LAT/LON1/LON2/DLON/H
   78   77   75   73   71   68   67   67   69   71   73   75   77   80   84   88
   93   96   99  102  103  104  105  107  108  110  112  114  116  118  120  120
  119  118  117  118  121  126  133  138  142  144  143  141  139  137  136  135
  134  133  131  128  125  121  118  116  115  115  115  115  113  110  105  101
   97   94   91   88   84   82   80   79   78
    47.5-180.0 180.0   5.0 450.0                            LAT/LON1/LON2/DLON/H
   83   81   80   78   76   74   73   72   73   75   77   78   80   82   86   91
   96  100  103  106  107  108  109  110  112  114  116  118  120  122  123  124
  123  122  122  124  130  137  144  151  155  155  153  150  146  144  143  142
  142  140  139  135  131  127  123  119  117  116  117  117  115  112  108  105
  103  101  100   97   94   90   87   85   83
    45.0-180.0 180.0   5.0 450.0                            LAT/LON1/LON2/DLON/H
   87   84   82   80   79   78   77   77   78   80   81   82   83   85   89   93
   99  103  107  110  111  112  114  115  117  119  121  123  124  125  126  127
  127  127  129  133  140  149  157  163  166  166  162  158  154  151  150  149
  149  149  147  144  139  134  128  124  120  118  118  118  117  114  111  108
  108  108  107  105  101   98   94   90   87
    42.5-180.0 180.0   5.0 450.0                            LAT/LON1/LON2/DLON/H
   89   85   82   80   80   80   80   81   82   84   86   87   87   89   92   97
  102  106  111  114  117  119  121  123  125  126  127  128  128  128  129  131
  132  134  138  145  153  162  170  176  177  175  171  165  161  158  157  157
  157  157  156  153  149  143  137  130  124  121  119  119  118  116  113  112
  112  112  112  110  107  103   99   94   89
    40.0-180.0 180.0   5.0 450.0                            LAT/LON1/LON2/DLON/H
   92   87   82   80   80   81   82   83   85   88   91   92   93   94   96  100
  105  109  114  118  122  125  128  131  133  134  134  134  133  133  134  137
  141  146  152  160  169  177  184  188  188  185  180  174  168  165  164  163
  164  165  165  164  160  154  146  137  129  124  121  119  118  117  115  114
  114  115  114  112  110  107  103   98   92
    37.5-180.0 180.0   5.0 450.0                            LAT/LON1/LON2/DLON/H
   96   89   83   80   80   81   83   85   88   92   95   98  100  101  102  105
  108  112  117  122  126  131  135  139  141  141  141  139  139  139  142  147
  154  162  171  179  187  194  199  201  200  196  190  183  177  172  170  170
  171  173  174  174  170  164  154  143  133  125  121  119  118  117  116  116
  115  115  114  112  112  110  107  103   96
    35.0-180.0 180.0   5.0 450.0                            LAT/LON1/LON2/DLON/H
  101   93   85   81   80   81   82   85   89   95  100  105  108  109  109  110
  112  115  119  124  129  134  139  143  146  146  145  145  145  149  154  162
  172  184  194  202  208  212  215  216  214  209  201  193  186  181  178  178
  179  182  184  184  180  171  160  146  134  125  120  117  116  116  116  115
  114  113  111  110  111  112  111  107  101
    32.5-180.0 180.0   5.0 450.0                            LAT/LON1/LON2/DLON/H
  106   98   89   82   80   80   81   85   90   97  105  111  116  118  118  117
  116  117  120  124  129  134  139  143  145  146  147  149  153  161  170  181
  193  207  219  226  230  232  233  232  229  224  215  205  197  191  188  187
  189  192  195  194  187  176  161  146  132  123  116  113  113  113  114  113
  112  109  107  107  109  112  113  111  106
    30.0-180.0 180.0   5.0 450.0                            LAT/LON1/LON2/DLON/H
  109  102   92   84   80   78   80   84   90   98  108  117  123  126  125  123
  120  119  120  123  127  131  135  139  141  143  147  152  162  174  187  200
  215  230  243  250  253  253  252  250  247  240  230  219  209  203  200  199
  202  206  207  203  192  176  158  141  127  118  112  108  108  109  110  109
  107  104  102  102  105  109  113  113  109
    27.5-180.0 180.0   5.0 450.0                            LAT/LON1/LON2/DLON/H
  110  103   94   85   79   77   78   82   89   98  109  120  128  132  131  128
  124  120  120  121  124  127  129  133  136  140  147  157  172  189  204  219
  234  250  263  271  274  274  271  268  264  257  246  233  223  218  215  215
  218  221  221  212  195  174  153  134  121  112  107  103  103  103  104  103
  101   98   96   96   99  104  109  111  110
    25.0-180.0 180.0   5.0 450.0                            LAT/LON1/LON2/DLON/H
  106  102   94   85   78   75   76   81   87   96  107  120  130  135  135  131
  126  122  119  120  121  122  125  128  133  140  151  166  184  203  220  234
  249  264  278  288  293  292  288  284  280  273  261  248  239  234  233  233
  236  238  235  220  198  172  147  128  116  108  103   99   97   98   98   97
   95   92   91   90   92   97  102  106  106
    22.5-180.0 180.0   5.0 450.0                            LAT/LON1/LON2/DLON/H
  100   98   92   84   77   74   75   79   85   93  105  118  128  134  135  132
  128  123  120  119  119  121  124  129  136  146  160  179  199  218  233  246
  259  274  289  300  306  306  301  296  293  287  275  262  254  251  250  251
  254  255  248  229  200  170  144  124  114  107  101   96   93   92   92   91
   89   88   87   86   86   89   93   97  100
    20.0-180.0 180.0   5.0 450.0                            LAT/LON1/LON2/DLON/H
   92   92   88   81   75   73   74   77   82   90  101  114  125  131  133  133
  130  125  122  120  120  123  129  137  147  160  177  198  217  233  244  255
  266  281  295  308  315  314  308  303  302  297  286  273  266  265  265  267
  269  269  260  236  204  171  144  125  116  110  103   96   90   88   87   86
   86   86   86   84   83   83   85   89   92
    17.5-180.0 180.0   5.0 450.0                            LAT/LON1/LON2/DLON/H
   85   86   84   79   74   72   73   76   80   87   97  109  121  128  132  133
  132  128  125  123  124  129  138  150  164  179  199  219  236  247  255  262
  271  284  298  311  318  316  309  306  307  305  293  280  274  273  274  277
  279  279  268  242  207  173  147  130  121  115  107   97   89   84   83   82
   84   86   88   86   82   80   79   81   85
    15.0-180.0 180.0   5.0 450.0                            LAT/LON1/LON2/DLON/H
   79   81   80   76   72   71   73   75   79   84   94  106  117  126  132  135
  135  132  129  128  130  138  152  167  184  201  222  241  254  261  264  268
  275  287  299  310  316  313  307  304  308  308  296  282  275  274  275  279
  283  283  272  245  210  176  150  135  127  121  111   98   88   82   80   81
   84   89   92   90   85   80   77   77   79
    12.5-180.0 180.0   5.0 450.0                            LAT/LON1/LON2/DLON/H
   76   77   77   74   71   70   72   74   77   82   91  103  115  126  134  139
  139  137  135  135  139  149  166  186  204  222  242  260  270  273  273  274
  279  288  299  307  311  308  302  301  307  306  294  278  269  266  269  275
  281  282  272  245  210  177  153  138  131  125  113   99   88   82   80   81
   86   93   97   96   90   83   78   76   76
    10.0-180.0 180.0   5.0 450.0                            LAT/LON1/LON2/DLON/H
   75   75   74   71   69   68   70   72   75   79   88  100  114  127  138  145
  145  144  142  143  149  162  181  202  221  239  258  273  281  282  280  279
  281  288  296  303  305  302  298  299  304  301  286  269  257  254  257  264
  273  275  265  241  208  177  153  139  132  126  113   98   88   82   82   84
   89   97  102  101   95   87   80   76   75
     7.5-180.0 180.0   5.0 450.0                            LAT/LON1/LON2/DLON/H
   75   74   72   69   66   65   66   69   72   76   84   97  113  130  144  152
  153  151  151  153  161  175  195  216  235  251  267  280  287  287  285  282
  281  285  291  297  299  298  297  299  300  293  275  255  242  237  240  250
  259  261  253  231  202  173  150  135  128  122  110   96   87   84   85   88
   93  100  104  104   98   90   83   78   75
     5.0-180.0 180.0   5.0 450.0                            LAT/LON1/LON2/DLON/H
   76   74   71   68   64   62   63   65   68   72   79   93  112  132  149  159
  160  159  160  164  173  188  207  228  245  259  272  283  289  289  287  281
  277  278  284  289  293  296  297  298  295  281  260  239  225  220  223  231
  240  242  235  217  192  166  143  128  121  116  105   92   86   87   90   93
   97  102  105  104   98   91   84   79   76
     2.5-180.0 180.0   5.0 450.0                            LAT/LON1/LON2/DLON/H
   76   74   71   67   62   59   59   62   64   67   74   88  108  131  152  164
  167  168  170  175  185  200  218  237  252  264  274  283  287  288  284  276
  268  267  273  280  287  292  296  295  286  267  243  222  209  203  205  212
  218  219  213  199  178  156  134  118  112  108   98   88   85   89   94   97
  100  102  103  102   97   90   83   78   76
